25-08-2014 06:03:40
	30.04	30.02	30.08	30.08	30.08	30.36	30.04	30.14
Start 06:03:42		30.04	30.04	30.16	30.42	30.22	30.24	30.22	30.24	30.44	30.3	30.3	30.38	30.18	30.22	30.22	30.36	30.3	29.84	30.42	30.36	30.56	30.5	30.3	30.38	30.28	30.24	30.22	30.16	30.14	30.14	30.08	30.18	30.04	29.98	30.14	30.04	29.88	30.28	30.3	30.24	30.1	30.24	30.16	30.18	29.84	30.14	30.08	30.18	30.14	30.1	30.08	30.1	30.14	29.96	29.98	29.98	30.02	30.08	30.08	30.04	30.16	30.04	29.98	30.14	29.9	30.04	End 06:04:03
	30.08	30.04	29.96	29.78	29.64	29.88	29.96	30.14	30.1	30.02	30.04	29.96	30.1	30.1	30.28	30.1	30.14	30.14	30.16	30.38	30.3	30.38	30.08	30.3	30.18	30.3	30.22	30.24	29.78	30.08	29.82	29.76	29.74	29.78	29.9	29.74	29.64	29.9	29.82	30.18	30.3	30.22	30.32	30.32	30.16	30.02	30.14	30.02	29.88	29.64	29.68	29.9	29.64	29.62	29.76	29.78	29.44	29.48	29.64	29.42	29.64	29.64	29.42	29.96	30.08	30.08	30.08	30.16	30.22	30.3	30.32	30.3	30.04	30.24	30.24	30.14	30.08	30.1	30.22	30.08	30.14	29.82	29.44	29.38	29.36	29.36	29.38	29.64	29.54	29.38	29.64	29.64	30.02	29.92	29.98
Start 06:04:33		29.98	30.22	30.24	30.04	30.1	30.14	30.24	30.16	30.1	30.1	30.14	30.22	30.3	30.24	30.04	30.3	30.3	30.28	30.3	30.22	30.1	30.3	30.36	30.3	30.1	30.22	30.04	30.14	30.04	30.14	30.28	29.96	30.3	30.16	30.24	30.18	30.04	30.14	30.1	30.16	30.16	29.98	30.16	30.1	30.28	30.22	30.04	30.3	30.38	30.36	30.32	30.24	29.7	30.16	29.98	30.14	30.08	29.84	30.04	29.58	29.58	29.54	29.3	29.3	29.28	29.36	29.56	29.54	29.62	29.82	30.14	30.62	30.86	30.5	30.28	30.08	30.14	End 06:04:56
	30.08	30.24	30.42	30.3	30.42	30.38	30.46	30.38	30.46	30.52	30.14	30.32	30.04	30.38	30.28	30.42	30.24	30.28	30.16	30.32	30.24	30.1	30.1	30.16	30.16	30.16	29.98	30.1
Start 06:05:05		30.22	30.14	30.16	30.1	30.02	30.04	30.42	30.32	29.96	30.22	30.24	30.3	30.32	30.44	30.42	30.36	30.36	30.02	29.34	29.38	29.42	29.38	29.28	29.28	29.34	29.38	29.38	29.5	29.58	30.02	29.92	29.42	29.64	29.42	29.3	29.56	29.78	29.18	29.38	29.58	29.7	29.56	29.68	29.64	29.58	29.58	29.68	29.56	29.36	29.44	29.5	29.68	29.5	29.64	End 06:05:22
	29.88	29.82	29.74	29.92	30.28	30.44	30.3	30.36	30.32	30.16	30.08	30.08	29.92	30.1	29.9	29.96	30.04	29.88	29.9	29.98	29.92	29.98	29.84	30.1	29.98	29.96	29.96	30.02	29.92	29.96	29.9	29.9	30.08	29.96	30.04	29.76	29.88	29.88	29.92	29.88	29.88	30.02	29.88	29.9	29.84	29.84	29.98	30.08	30.08	30.14	29.96	30.04	30.08	30.18	29.9	30.14	30.04	30.18	30.14	29.82	29.68	29.84	29.82	29.56	29.88	30.14	30.08	29.98	29.82	30.08	30.1	29.9	29.96	29.78	29.62	29.88	29.78	29.74	29.92	29.88	29.88	29.96	29.88	29.88	29.88	29.98	29.96	29.88	29.92	29.96	30.08	30.36	30.14	30.1	29.96	29.88	29.96	29.74	30.14	29.92	30.04	30.04	30.04	29.62	29.88	30.02	29.98	30.18	30.02	29.88	30.08	30.02	30.02	29.88	29.82	29.9	29.76	30.02	30.1	29.98	29.76	29.88	29.68	29.82	29.96	30.08	29.98	29.84	29.92	29.84	29.84	29.88	29.9	29.98	29.96	29.9	29.7	29.88	29.9	29.9	29.82	29.78	29.9	29.9	29.84	29.78	29.84	30.04	29.82	29.82	29.78	29.98	29.88	29.82	29.84	29.68	29.68	29.68	29.7	29.7	29.84	29.92	29.9	29.7	30.04	30.02	30.24	30.28	30.24	30.32	30.28	30.38	30.22	29.74	29.84	29.92	29.92
Start 06:06:18		29.7	29.88	29.68	29.88	29.82	29.62	29.7	29.44	29.64	29.82	29.78	29.78	29.78	29.84	29.74	29.48	29.9	29.96	29.76	30.16	29.9	29.92	29.88	29.76	29.88	30.16	30.36	30.16	29.98	29.92	29.58	29.42	29.62	29.48	29.54	29.54	29.62	29.68	29.56	29.62	29.62	29.36	29.58	29.48	29.42	29.62	30.04	30.24	29.92	30.16	30.28	30.32	30.22	30.04	30.02	29.9	30.22	30.32	30.32	30.42	30.1	30.14	30.08	29.92	30.1	30.16	30.24	30.16	29.96	End 06:06:39
	30.32	30.1	29.58	29.62	29.56	29.74	30.24	30.38	30.02	29.92	30.36	30.32	30.18	30.14	29.9	30.08	30.14	30.16	29.88	29.7	29.92	29.88	29.7	29.7	29.88	29.74	29.9	29.44	29.56	29.96	30.04	29.76	29.84	29.98	30.04	29.68	29.62	29.74	29.96	29.88	30.04	29.78	29.88	29.9	29.76	29.78	29.84	29.68	29.44	29.7	29.82	29.78	29.68	29.5	29.82	30.1	29.82	29.9	29.96	29.9	29.88	29.84	29.78	29.84	29.76	29.5	29.84	29.88	29.96	29.76	30.02	30.1	30.3	30.18
Start 06:07:03		29.92	30.14	30.1	30.16	30.08	30.16	30.18	30.14	End 06:07:05
	29.76	30.14	30.14	29.9	29.62	29.7	29.82	29.64	29.64	29.58	30.18	30.16	30.22	30.32	30.24	30.5	30.14	30.36	30.44	30.36	30.1	30.04	30.14	30.14	30.14	30.18	30.24	30.3	30.28	30.3	30.28	30.14	30.28	30.36	30.1	30.3	29.9	30.22	30.14	29.82	29.88	29.9	29.9	29.96	30.24	30.18	30.16	30.16	30.04	30.1	30.08	29.82	30.04	29.84	29.9	29.74	29.96	30.18	30.16	30.08	30.28	29.78	30.28	30.16	29.98	30.02	30.28	30.24	30.28	30.28	30.28	30.22	30.3	30.24	30.18	30.18	30.18	30.18	30.18	30.28	30.28	30.02	30.02	30.04	30.1	30.14	29.88	29.92	29.88	29.88	30.08	29.96	30.08	29.98	30.04	29.88	29.84	30.04	29.56	29.92	29.96	30.14	30.08	30.04	30.16	30.02	30.24	30.14	30.24	30.32	30.1	30.32	30.04	30.02	29.88	29.82	30.08	30.1	30.14	30.18	30.08	30.04	29.98	30.08	30.08	29.88	30.36	30.3	30.36	30.22	30.14
Start 06:07:46		30.32	30.36	30.14	30.1	30.28	30.08	29.96	29.96	29.98	29.78	29.98	29.98	30.08	29.84	29.88	30.04	29.7	30.1	30.18	30.16	30.1	30.08	30.08	End 06:07:53
	29.9	30.18	29.92	29.9	29.74	30.04	29.98	30.1	30.28	30.24	30.18	30.24	30.18	30.14	29.62	29.9	29.42	29.28	29.28	29.56	29.56	29.34	29.56	29.62	30.28	30.16
Start 06:08:01		29.96	30.24	30.22	30.36	30.08	30.5	30.38	30.24	30.08	29.84	30.38	30.38	30.62	30.58	30.46	29.9	30.02	29.92	30.02	30.04	End 06:08:08
	29.98	30.16	29.96	30.14	30.02	29.92	29.74	30.02	30.08	30.1	30.1	30.04	30.16	30.1	30.08	30.36	30.36	30.22	30.38	30.28	30.3	30.42	30.42	30.22	30.36	30.32	30.3	30.32	30.38	30.32	30.44	30.52	30.44	30.44	30.32	30.28	29.92
Start 06:08:19		30.22	30.18	30.14	30.3	30.28	29.84	30.24	30.3	30.24	30.16	30.08	30.08	30.04	30.02	29.96	29.98	29.96	30.08	30.1	30.18	30.08	30.14	30.1	30.1	30.14	29.92	29.88	30.1	30.18	30.14	29.78	29.98	30.24	30.3	30.08	30.24	29.96	30.36	30.1	30.14	30.02	End 06:08:32
	29.84	29.92	29.98	30.16	30.08	30.04	30.04	30.02	29.98	29.5	29.22	29.34	29.42	29.24	29.36	29.54	29.78	29.82	29.98	30.18	30.22	30.18	29.98	29.96	29.96	30.1	30.02	29.96	29.88	29.84	30.02	30.08	30.18	29.84	29.9	29.84	29.76	29.9	30.04	30.14	30.38	30.14	30.28	30.32	30.04	29.88	29.7	29.62	30.16	30.08	30.02	29.88	29.9	30.18	30.08	29.96	29.76	30.04	29.92	29.96	29.74	29.92	29.84	29.82	29.9	29.7	29.64	29.64	29.58	29.48	29.88	30.1	30.14	30.08	30.58	30.38	30.36	30.32	29.98	29.92	29.76	30.24	30.14	29.82	30.02	30.14	30.3	30.04	30.32	30.24	30.38	30.38	30.46	30.38	30.22	30.24	30.38	30.3	30.14	29.82	29.84	29.62	29.58	29.7	29.68	29.64	29.68	29.62	29.64	29.76	29.7	29.64	29.64	29.84	29.84	29.64	29.62
Start 06:09:09		29.88	29.9	30.08	30.38	30.14	29.92	29.98	29.96	29.76	29.58	29.7	29.82	29.62	29.7	29.56	29.92	29.64	29.88	29.84	29.88	29.82	29.82	29.82	29.74	29.76	29.68	29.38	29.5	29.84	29.7	29.74	29.1	29.56	29.68	29.7	30.24	30.38	30.32	30.42	30.38	30.42	29.88	30.1	30.14	30.02	29.9	29.82	30.16	30.18	30.16	30.1	29.92	29.98	29.92	29.92	29.78	29.96	30.04	30.04	30.02	29.98	30.02	End 06:09:28
	30.1	30.16	29.98	29.74	30.1	30.14	30.04	29.84	29.5	29.7	29.74	29.84	30.04	30.1	29.98	29.78	30.04	29.68	29.44	29.22	29.44	29.5	29.22	29.84	30.18	30.24	30.1	30.3	30.24	30.16	30.14	30.1	29.92	30.14	30.24	30.42	30.42	30.28	30.52	30.32	30.36	30.36	30.38	30.36	30.28	30.1	30.36	30.3	30.22	30.3	30.04	30.16	30.18	30.08	29.76	30.1	30.18	30.02	30.3	30.04	30.32	30.3	30.36	30.3	30.36	29.92	30.14	30.08	30.14	29.84	29.84	29.92	29.92	29.78	29.84	30.02	29.98	30.14	29.96	29.88	29.88	29.82	29.96	29.76	29.92	30.16	30.16	30.24	29.78	29.92	29.96	29.74	29.88	29.7	29.98	30.24	30.38	30.1	30.36	30.3	30.38	30.36	30.38	30.16	30.1	30.24
Start 06:10:01		30.28	30.18	30.22	30.44	30.36	30.38	30.3	30.38	30.16	30.1	30.3	30.28	30.18	30.14	30.04	30.14	30.14	30.04	30.14	29.82	30.22	30.16	30.16	30.04	29.82	30.08	30.24	30.32	30.22	29.82	30.02	30.08	30.14	29.9	29.76	29.64	29.88	29.88	30.14	30.14	30.04	29.92	30.02	30.02	29.92	29.98	30.04	30.02	30.1	30.04	30.04	30.16	30.16	30.14	30.1	30.08	30.16	30.24	29.82	30.08	29.88	29.98	30.22	30.1	30.3	30.18	30.18	30.16	End 06:10:23
	29.82	30.04	29.84	29.92	29.78	29.7	29.76	29.84	29.54	29.54	29.7	29.9	29.78	29.9	30.04	30.22	30.36	30.1	30.28	30.36	30.22	30.28	30.3	30.14	30.28	30.24	30.16	30.22	30.08	30.22	30.24	30.08	30.22	30.04	29.88	29.54	29.64	29.82	29.82	29.38	29.38	29.42	29.36	29.5	29.3	29.28	29.24	29.22	29.22	29.3	29.34	29.5	29.34	29.44	29.48	29.18	29.36	29.48	29.56	29.38	29.36	29.38	29.56	30.02	29.92	29.56	29.58	29.54	29.74	29.58	29.7	29.56	29.42	23.7	29.16	29.38	28.98	29.74	29.88	29.74	29.14	29.36	29.44	29.56	29.64	29.34	29.54	29.28	29.34	29.42	29.88	30.02	30.04	30.04	29.96	29.84	30.1	30.1	30.1	29.92	29.68	29.74	29.84	29.7	29.88	29.92	29.82	29.7	29.64	29.82	29.9	29.92	30.16	30.16	30.44	30.02	29.98	29.92	30.04	29.9	29.98	29.74	29.82	30.1	30.04	30.02	29.36	29.62	29.62	29.64	29.7	29.88	29.78	29.92	30.1	29.96	29.98	29.92	29.78	30.02	30.02	30.08	30.14	29.96	30.24	30.28	30.18	30.38	30.42	30.36	29.82	29.7	29.64	29.76	29.74	29.48	29.68	29.78	29.5	29.68	29.74	30.08	30.14
Start 06:11:14		30.24	30.24	30.14	30.28	30.28	30.02	30.28	30.3	30.14	30.14	29.96	29.9	30.04	29.84	30.08	30.14	29.68	30.02	30.08	29.88	29.76	30.1	29.96	29.92	29.96	29.7	29.96	30.02	29.82	29.84	29.9	29.88	30.04	29.92	29.74	30.14	30.08	29.96	29.9	29.98	29.92	30.08	29.92	29.88	29.9	29.92	29.98	29.92	29.9	29.88	30.04	End 06:11:30
	29.78	29.24	29.3	29.44	29.44	29.48	29.1	29.64	29.22	29.68	29.44	29.28	29.42	29.48	29.24	29.54	29.7	29.44	29.64	29.9	30.22	30.1	30.18
Start 06:11:37		30.28	30.16	30.14	30.16	29.9	30.1	29.92	30.08	29.9	29.9	29.9	29.98	30.04	29.76	30.24	30.32	30.36	30.42	30.44	30.28	30.18	30.16	30.08	29.84	30.04	30.24	30.16	30.16	29.96	30.18	30.32	30.16	30.08	29.96	End 06:11:48
	30.04	30.16	30.02	29.64	29.98	30.28	30.3	30.32	29.88	30.14	29.92	30.1	30.24	30.16	30.14	30.22	30.14	30.1	29.74	29.64	29.84	29.7	29.74	29.96	30.14	30.38	30.36	29.98	30.22	30.08	30.22	30.28	29.96	29.78	29.98	30.14	30.18	30.02	29.82	29.96	29.7	29.74	29.76	29.74	29.82	29.56	29.96	30.1	29.84	30.1	29.74	30.18	30.08	30.1	30.24	29.98	30.24	30.04	30.14	30.16	30.04	30.16	30.22	30.02	29.98	29.84	29.96	30.04	30.04	30.02	29.78	30.14	30.18	30.16	30.16	30.1	30.04	30.04	29.98	29.84	29.82	29.88	29.88	29.56	29.82	30.04	30.14	30.02	30.04	30.22	30.28	30.16	30.02	30.22	30.16	30.22	30.22	29.92	30.04	30.1	30.16	30.14	29.96	30.28	30.18	30.36	30.38	30.1	30.24	29.98	29.76	29.54	29.62	30.14	30.14	30.1	30.22	29.96	30.28	30.28	30.28	30.22	30.3	30.18	30.3	30.36	30.38	30.24	30.16	29.82	29.7	29.64	29.64	29.48	29.7	29.62	29.5	29.44	29.62	29.36	29.58	29.42	29.44	29.54	29.48	29.48	29.62	29.56	29.56	29.68	29.62	29.74	29.62	29.56	29.5	29.62	29.42	29.44	30.08	30.38	30.32	30.28	30.36	30.32	30.36
Start 06:12:39		30.28	30.38	29.96	30.3	30.32	30.36	30.36	30.24	30.28	30.28	30.24	30.3	30.08	30.18	30.3	30.38	30.42	30.22	30.38	29.84	30.32	30.38	30.22	30.14	30.24	30.04	30.28	30.32	30.36	30.24	30.1	30.24	30.28	30.38	30.3	30.18	30.18	30.28	30.16	29.7	29.76	29.54	29.68	29.64	29.7	29.5	End 06:12:54
	29.76	29.48	29.28	29.64	29.7	29.84	29.88	29.78	29.74	29.54	29.58	29.76	29.9	30.18	30.24	30.02	29.98	30.02	30.02	29.92	29.92	29.88	29.84	29.9	29.82	29.9	29.76	29.68	29.84	30.22	30.1	29.88	29.68	30.1	29.92	29.7	29.64	30.22	30.1	30.02	29.88	29.76	29.84	29.76	29.82	29.74	30.14	30.1	30.18	30.04	29.68	29.48	29.56	29.5	30.02	29.88	29.74	29.9	30.14	29.98	30.14	30.16	30.22	30.1	30.24	30.14	29.82	29.58	29.74	29.82	29.84	29.84	29.74	29.98	29.88	29.9	29.44	29.78	29.82	29.88	29.62	29.96	29.82	29.92	29.84	29.92	29.78	29.92	30.16	30.08	30.32	30.3	30.3	30.22	30.18	29.68	29.58	29.9	30.02	29.76	29.88	29.58	30.04	29.82	29.78	29.74	29.78	29.92	29.58	29.88	30.02	29.88	29.24	29.14	23.78	23.52	23.2	23.38	23.58	23.5	29.18	29.5	29.62	29.36	29.62	29.84	29.84	29.78	29.62	29.68	29.58	29.44	29.58	29.56	29.58	29.68	29.38	29.44	29.5	29.98	30.36	30.36	30.56	30.32	30.38	30.5	30.22	30.14	30.08	30.14	29.96	30.1	30.04	29.96	30.1	30.22	29.82	29.96	30.16	30.18	30.16	30.18	29.96	30.28
Start 06:13:45		30.28	30.24	30.18	29.9	29.84	30.04	30.02	30.1	29.62	29.74	29.5	29.5	29.34	29.48	29.44	29.34	29.02	29.3	29.28	29.3	29.5	29.44	29.54	29.5	29.16	29.54	29.58	29.48	29.56	29.34	29.44	29.22	29.64	29.42	29.24	29.08	28.98	29.34	29.28	29.44	29.9	29.88	29.74	29.7	29.7	29.5	29.58	29.24	29.56	30.36	30.38	30.16	30.36	30.02	29.96	29.88	29.92	30.1	30.04	30.16	29.82	29.54	29.62	29.78	30.18	30.1	29.92	29.5	29.88	29.98	30.08	30.24	29.98	29.98	29.9	29.96	30.14	30.16	30.18	30.1	29.96	30.04	30.14	29.92	30.02	29.82	29.84	29.92	End 06:14:13
	29.92	29.82	29.64	29.7	29.68	29.34	29.54	29.82	29.34	23.78	29.16	29.08	29.16	29.42	29.7	29.36	29.42	29.76	29.76	30.18	30.22	30.16	30.16	30.04	29.84	29.98	30.18	30.18	30.18	30.32	30.04	30.3	30.24	30.36	30.22	30.04	30.32	30.14	30.02	29.68	30.18	30.16	30.16	29.96	29.88	30.04	29.96	29.98	29.78	29.9	30.18	29.62	29.62	29.62	29.44	30.28	29.96	29.76	29.88	30.1
Start 06:14:32		30.14	30.1	30.02	29.88	29.98	29.96	29.82	29.54	29.78	29.88	29.88	29.64	29.9	29.64	29.58	29.58	29.74	29.74	29.3	29.54	29.62	29.54	29.58	29.62	29.68	29.64	29.74	29.62	29.78	29.78	29.58	29.68	29.64	29.84	29.9	29.88	29.9	29.82	29.62	29.82	29.96	30.08	29.84	29.92	29.84	29.36	29.42	29.36	29.38	29.28	29.14	29.16	29.28	29.54	End 06:14:49
	29.82	29.7	29.64	29.74	29.58	30.08	30.22	30.14	30.14	30.16	30.24	29.84	30.04	30.14	30.18	30.16	30.14	29.58	29.68	30.02	30.1	30.22	30.1	30.1	29.98	29.54	29.78	29.7	29.7	29.48	29.82	29.92	30.04	30.02	29.62	29.68	29.62	29.7	29.98	30.16	29.98	29.88	29.58	29.44	29.7	29.88	30.24	30.42	30.46	30.24	30.46	30.3	30.14	29.54	29.38	29.08	29.22	29.08	28.98	29.04	29.02	28.94	29.18	29.22	29.3	29.36	29.42	29.36	29.1	29.38	30.16	29.96	30.16	29.9	29.78
Start 06:15:12		29.64	29.42	29.58	29.48	29.5	29.24	29.44	29.48	29.18	30.1	30.02	29.98	29.78	29.9	30.18	30.14	End 06:15:17
	30.02	29.76	29.92	30.02	29.98	29.78	29.38	29.84	29.9	29.68	29.7	29.64	29.68	29.78	29.58	29.96	30.22	30.04	30.18	30.16	30.3	30.18	30.32	30.22	30.04	30.1	29.88	29.96	30.1	29.9	30.02
Start 06:15:27		29.98	29.98	30.02	29.92	29.9	30.02	29.96	29.88	29.74	29.9	29.96	29.88	29.84	29.88	30.1	30.36	29.98	30.28	30.08	30.28	30.18	30.1	30.1	29.54	29.88	29.58	29.84	29.84	30.1	30.08	30.14	30.28	29.96	29.74	29.48	29.34	29.04	29.42	29.38	29.38	29.44	29.48	29.5	29.28	29.5	30.22	30.04	29.96	30.08	30.08	29.96	29.78	29.92	29.96	29.9	29.96	29.74	29.88	30.16	30.16	30.08	30.18	30.18	End 06:15:47
	30.24	30.24	30.02	29.74	30.14	29.82	29.74	29.58
End of File 25-08-2014 06:15:49