25-08-2014 05:36:27
	30.96	31.1	30.98	30.98	30.96	30.9	30.78	30.96	31.26	31.04	30.58	30.32	30.3	30.76	31.2	31.04	31.28	31.26	31.42	31.26	31.32	31.42	31.4	31.38	26.4	31.4	31.42	31.26	30.98	30.86	30.86	30.72	30.7	30.72	30.76	30.58	30.66	30.78	31.0	31.04	30.86	30.98	30.8	30.86	30.86	31.0	30.98	31.0	30.92	30.9	31.04	31.04	30.98	30.9	31.06	30.96	30.86	30.96	31.28	31.32	31.4	31.28	30.86	31.24	30.98	31.14	31.14	30.98	31.06	30.72	31.2
Start 05:36:50		31.18	31.04	31.1	31.1	31.06	31.2	31.2	31.06	31.2	31.1	31.26	31.42	31.42	31.32	31.2	31.42	31.38	31.4	31.26	31.38	31.28	31.0	31.18	31.26	31.06	31.18	31.12	31.12	31.24	31.4	31.06	31.18	31.14	31.24	31.24	31.1	31.14	31.34	31.2	31.4	31.26	31.26	31.38	31.14	31.18	31.04	31.12	31.26	31.2	31.24	31.18	31.06	31.24	31.34	31.28	30.9	30.38	30.66	30.56	30.36	30.28	30.46	30.52	30.58	30.56	30.58	30.56	End 05:37:11
	30.7	30.64	30.7	30.66	30.62	30.86	31.24	31.18	31.34	31.38	31.1	31.06	31.12	31.06	31.12	31.2	30.8	31.4	31.28	31.24	31.34	31.26	31.24	30.78	31.12	31.24	31.1	31.28	30.92	31.26	31.28	30.98	30.58	30.72	30.78	30.56	30.78	31.0	30.96	31.0	30.84	30.86	31.0	31.2	31.24	30.9	31.0	31.12	31.32	31.24	31.32	31.38	31.24	31.28	31.26	31.2	31.2	31.24	31.38	31.14	30.86	31.26	31.12	31.26	31.18	30.92	30.7	31.18	31.24	30.64	30.66	30.7	31.14	31.26	31.06	31.1	31.26	31.1	31.1	31.24	31.26	31.14	31.0	30.62	30.56	31.12	30.96	30.96	31.38	31.34	31.26	31.42	31.38	31.46	31.34	31.34	31.34	31.34	31.26	31.0	30.92	31.04	31.12	31.04	31.14	31.04	31.2	31.2	31.26	31.12	30.98	31.04	31.06	31.06	30.98	31.04	30.72	30.86	30.46	30.42	30.56	30.72	30.66	30.66	30.58	30.38	30.28	30.28	30.38	30.22	30.46	30.46	30.24	30.42	30.5	30.5	30.5	30.52	30.66	30.58	30.62	30.66
Start 05:37:55		30.3	30.56	30.64	30.66	30.52	30.52	30.8	30.76	30.76	30.84	30.78	30.8	30.56	30.7	30.52	30.42	30.66	30.52	30.56	30.72	30.7	30.9	30.96	30.8	End 05:38:02
	31.0	30.84	30.7	30.72	30.64	30.62	30.7	30.66	30.76	30.66	30.8	30.72	30.76	30.72	30.8	30.86	30.96	31.0	31.18	30.84	30.96	30.96	30.9	30.92	30.78	30.64	30.72	30.78	30.7	30.96	30.98	31.12	31.18	31.06	30.86	30.98	30.7	30.72	30.92	31.06	31.12	30.92	30.7	30.66	30.72	30.72	30.66	30.76	30.78	30.9	30.72	30.9	30.86	30.86	30.96	30.92	30.92	30.64	31.1	31.1	30.72	30.96	30.84	30.72	30.64	30.76	30.62	30.66	30.7	30.52	30.66	30.52	30.72	30.76	31.12	31.04	31.24	31.26	31.12	31.04	31.1	31.14	31.18	31.14	31.04	31.14	31.24	31.24	31.24	31.2	31.26	31.2	31.04	31.0	30.7	31.04	31.24	31.14	31.24	31.2	31.2	31.32	31.24	31.14	31.18	31.2	31.18	31.1	31.2	31.26	31.24	31.24	31.2	31.28	31.24	31.06	30.92	30.78	30.24	30.3	30.36	30.5	30.78	30.96	30.84	31.1	31.14	30.58	30.96	30.96	31.1	31.2	31.14	30.84	31.12	31.18	30.84	30.72	30.78	30.46	30.92	30.84	30.7	30.76	30.72	30.9	30.98	30.98
Start 05:38:49		31.26	31.26	31.12	31.12	31.06	30.76	30.96	30.86	30.56	30.24	30.9	30.58	30.9	30.8	30.84	30.86	30.98	30.92	31.1	30.98	30.72	30.3	30.18	30.16	30.22	30.18	30.16	30.36	30.32	30.28	30.22	30.24	30.36	30.24	30.32	30.42	30.36	30.46	30.7	30.62	30.66	30.58	30.62	30.64	30.76	30.86	30.8	30.96	30.96	30.96	31.06	30.98	30.86	31.04	30.96	30.72	30.5	30.28	30.32	30.84	30.98	30.64	31.14	30.8	30.86	30.86	31.14	End 05:39:10
	31.2	31.18	30.96	30.92	30.98	30.58	30.84	30.9	30.92	30.98	30.98	30.86	30.78	30.92	30.96	30.7	30.84	30.78	30.9	30.78	30.84	31.04	30.98	31.1	31.1	31.1	31.14	31.1	31.14	30.84	30.98	31.1	31.28	31.18	31.14	31.12
Start 05:39:22		31.32	31.12	30.62	30.3	30.14	30.1	30.36	30.7	30.8	31.18	31.12	31.12	31.14	31.12	30.92	31.2	31.14	31.18	31.2	31.18	31.12	31.24	31.32	31.14	31.2	31.32	31.1	31.2	30.92	30.9	30.86	30.76	30.62	30.62	30.66	30.42	30.66	30.62	30.58	30.76	31.06	30.98	31.12	31.04	30.9	30.64	30.52	30.38	30.66	30.72	30.8	30.96	30.64	30.62	End 05:39:38
	30.9	30.96	30.9	30.92	30.62	30.9	30.96	30.84	30.78	30.96	31.1	30.78	30.98	30.84	30.98	30.9	30.9	30.46	31.06	30.86	30.9	30.96	31.04	31.06
Start 05:39:46		31.24	30.86	31.1	31.14	31.24	31.18	31.12	31.28	31.34	31.12	30.86	31.12	31.14	31.12	30.9	31.26	31.0	31.12	31.12	31.14	31.14	31.1	30.86	31.12	31.1	31.06	30.96	30.9	30.86	30.86	30.9	30.86	31.12	30.76	30.86	30.9	30.9	30.76	30.92	30.9	30.96	30.92	31.0	30.92	31.06	31.34	30.56	30.96	31.04	30.8	31.14	31.12	30.96	31.06	31.1	31.0	31.14	31.24	31.12	31.12	30.98	30.98	31.14	31.32	31.12	31.28	31.18	31.12	31.06	31.12	31.0	30.84	30.76	30.84	30.76	30.72	30.72	30.64	30.46	31.06	30.98	31.14	30.98	31.14	31.04	31.04	End 05:40:13
	31.12	31.28	31.2	30.96	31.18	31.1	30.86	30.96	30.96	30.9	31.1	31.04	31.1	31.14	31.14	31.06	31.12	31.1	30.9	30.96	30.86	30.8	31.0	31.1	30.92	31.1	31.12	31.1	31.12	31.12	30.86	31.18
Start 05:40:23		31.12	31.1	31.26	31.1	31.24	31.28	31.12	31.12	31.1	31.18	31.06	31.12	31.14	30.9	30.66	31.06	30.9	30.76	30.7	30.58	30.9	30.7	30.24	30.86	30.72	30.8	30.9	31.0	31.0	30.9	30.72	30.66	30.28	29.9	30.1	30.36	30.36	30.58	30.52	30.72	30.64	30.56	30.62	30.7	30.64	30.52	30.52	30.58	30.66	30.32	30.42	30.16	29.9	30.18	30.24	30.22	30.16	End 05:40:41
	29.9	30.3	30.36	30.44	30.36	30.58	31.14	31.14	30.84	30.9	30.66	30.42	30.66	30.62	30.62	30.66	30.66	30.64	30.76	30.64	31.04	31.14	30.86	31.12	31.38
Start 05:40:48		31.1	30.92	31.04	31.0	31.04	31.1	30.96	30.8	30.86	30.8	30.92	31.0	30.78	31.12	31.1	30.76	30.8	31.06	30.64	30.5	31.04	30.84	31.0	30.9	30.76	30.8	30.7	31.1	31.14	30.92	30.96	30.86	30.98	31.04	31.06	End 05:40:59
	30.8	31.06	31.04	30.8	30.42	30.42	30.42	30.8	30.76	31.0	31.12	31.06	31.12	31.1	31.1	30.98	31.14	31.0	30.8	31.14	31.12	31.04	31.28	31.28	31.06	30.66
Start 05:41:08		30.96	30.7	30.7	30.92	30.8	30.78	30.72	30.66	31.14	31.28	31.24	31.38	31.24	31.28	31.12	30.92	30.9	30.9	30.86	30.64	30.78	30.9	30.64	30.98	30.96	30.92	31.12	31.06	31.0	31.0	30.64	30.72	30.7	30.96	30.76	30.52	30.56	30.38	30.46	30.72	30.5	30.86	30.64	30.8	30.96	30.8	30.72	30.5	30.3	30.46	30.56	30.98	31.1	31.0	31.28	31.14	30.86	31.0	30.9	30.8	30.9	30.8	30.76	30.7	30.8	30.78	30.46	30.8	30.78	31.04	30.86	30.9	End 05:41:30
	30.8	30.72	30.56	30.56	30.5	30.7	30.64	30.5	30.64	30.64	30.58	30.56	30.58	30.72	30.72	30.98	31.06	31.04	30.9	31.2	31.18	31.04	30.9	30.76	30.62	30.64	30.7	30.64	30.64	30.58	30.66	30.62	30.7	30.7	30.9	30.78	30.86	30.64	30.56	30.46	30.7	30.8	30.8	30.64	30.72	30.7	30.64	30.84	30.66	30.78	31.06	30.9	30.9	30.84	30.64	30.46	30.66	30.76	30.52	30.78	30.72	30.8	30.76	30.46	30.14	30.24	30.42	30.42	30.46	30.52	30.58	30.3	30.86	30.84	30.72	30.86	30.98	31.0	30.9	31.0	30.76	30.96	31.06	31.12	31.14	31.06	30.98	31.0	30.92	31.06	31.04	30.84	31.18	30.96	31.04	30.66	31.1	31.18	31.28	31.14	31.28	31.34	31.34	31.18	31.1	31.38	31.26	31.0	31.0	31.04	30.84	30.58	31.0	31.1	31.1	31.14	30.96	31.1	31.06	31.0	31.06	31.1	30.96	31.14	31.1	31.06	31.2	31.24	31.34	31.18	31.12	31.06	31.12	31.12	31.12	31.06	31.14	31.14	31.14	31.24	31.12	30.98	31.06	31.18	30.96	31.12	31.04	31.12	31.04	30.96	30.9	30.58	31.14	31.1	31.04	31.06	31.2	31.12	31.04	30.86	30.64	30.92	31.1	31.06	31.12	31.14	31.24	31.14	31.34	31.12	31.2	31.12	31.1
Start 05:42:24		31.04	31.14	30.84	31.12	31.12	31.06	31.12	31.12	31.1	30.98	31.24	31.28	30.96	30.84	30.8	30.92	30.9	30.78	30.84	30.66	30.64	31.0	31.04	30.9	31.04	31.04	31.04	31.04	31.04	31.0	End 05:42:33
	31.18	31.04	30.72	30.98	31.0	31.0	30.9	30.98	30.9	30.92	31.1	31.04	31.28	31.28	30.98	31.24	31.24	31.1	31.32	31.34	31.18	31.28	31.18	31.14	31.06	31.24	31.18	30.96	31.12	31.06	31.2	31.24	31.24	31.0	31.12	31.14	30.9	31.18	31.18	31.24	31.18	31.18	31.04	30.86	30.96	31.06	31.12	31.18	31.2	31.14	31.24	31.34	31.32	31.18	31.28	31.24	31.1	30.84	31.18	31.2	31.24	31.12	31.18	31.24	31.18	31.14	31.04	31.18	31.24	31.24	31.32	31.24	31.24	31.1	31.1	31.04	30.72	30.92	31.06	30.86	31.14	31.18	30.92	31.04	31.06	31.06	31.2	31.18	31.06	31.04	31.12	30.92	30.96	30.98	30.96	31.18	31.1	31.1	30.98	31.06	30.66	31.06	31.04	31.04	30.98	30.98	30.8	31.0	31.12	30.66	31.18	31.26	31.0	31.24	31.18	30.96	30.96	30.9	30.66	31.04	30.7	30.62	30.36	30.28	30.1	29.92	30.22	30.22	30.24	30.38	30.32	30.46	30.42	30.36	30.28	30.36	30.24	30.42	30.28	30.14	30.44	30.3	30.28	30.3	30.14	30.76	30.84	30.84	30.84	31.06	30.86	30.8	30.8	31.06	31.1	30.98	31.12	31.14	30.92	31.14	31.2	30.8	31.24	31.14	31.18	31.18	31.24	31.18	31.12	30.86	30.98	30.8	31.1	31.0	30.9	30.9	31.06	31.04	31.12	31.06	30.78	31.04	30.9	30.86	31.2	31.1	30.78	30.98	31.04	30.86	31.04	31.06	31.1	31.24	31.18	31.14	31.2	30.92	31.26	31.26	30.96	30.78	30.62	30.56	30.52	30.56	30.04	30.8	30.72	30.5	30.24	30.16	30.28	30.32	30.22	30.28	30.28	30.24	30.28	30.04	30.3	30.38	30.86	30.96	31.06	31.14	31.2	30.92	31.18	31.12	31.06	31.0	31.0	30.78	30.98	30.5	30.44	30.24	30.44
Start 05:43:48		30.5	30.58	30.62	30.58	30.7	30.64	30.66	30.64	31.1	31.1	31.1	31.06	31.24	31.2	31.14	31.18	31.2	30.7	30.5	30.3	30.3	30.42	30.36	30.16	30.46	30.44	30.44	End 05:43:57
	30.52	30.52	30.16	30.44	30.44	30.52	30.22	30.5	30.5	30.44	30.46	30.44	30.46	30.5	30.42	30.5	30.24	30.5	30.42	30.52	30.46	30.38	30.64	30.5	30.44	30.46	30.58	30.64	30.64	30.64	30.72	30.76	30.8	30.86	30.8	30.72	30.9	30.9	30.8	31.14	31.14	31.26	31.12	31.14	30.92	30.52	30.56	30.44	30.44	30.36	30.62	30.76	30.76	31.1	31.1	31.1	30.96	30.84	30.9	31.28	31.04	31.06	31.04	31.04	30.8	30.98	30.98	30.86	30.9	30.86	30.72	31.18	31.06	31.04	31.18	31.06	30.78	31.1	31.18	30.92	31.1	31.14	30.9	31.04	30.92	30.98	31.2	31.1	31.12	31.1	31.14	30.96	30.92	30.96	31.12	30.96	30.98	30.96	30.96	30.84	30.76	30.64	30.32	30.22	30.36	30.28	30.46	30.28	30.28	30.28	30.3	30.38	30.36	30.3	30.24	30.3	30.32	30.46	30.16	30.38	30.42	30.46	30.38	29.84	30.36	29.9	30.36	30.28	30.04	30.28	30.24	30.38	30.28	30.32	30.7	30.8	30.9
Start 05:44:39		31.0	30.86	30.84	30.92	30.96	31.04	31.12	31.04	31.14	31.04	30.72	30.9	30.98	31.0	30.66	30.64	30.5	30.76	30.86	30.78	30.78	30.32	30.46	30.58	30.28	30.62	30.64	30.56	30.66	30.56	30.64	30.5	30.32	30.58	30.62	30.58	30.62	30.62	30.66	30.56	30.62	30.7	30.52	30.64	30.7	30.7	30.76	End 05:44:54
	30.72	30.56	30.7	30.78	30.9	30.9	30.96	30.98	30.86	30.76	30.96	30.92	30.42	30.9	30.86	30.72	30.76	30.66	30.7	30.78	30.58	30.86	30.7	30.56	30.7	30.72	30.7	30.7	30.78	30.66	30.7	30.86	30.76	30.76	30.56	30.72	30.76	30.76	30.72	30.76	30.84	30.92	30.76	30.78	30.9	30.66	30.78	30.96	30.66	30.92	31.0	30.92	31.06	30.9	30.9	30.84	30.98	30.64	30.8	30.9	30.72	30.92	30.9	30.9	31.1	30.98	30.9	30.96	30.92	30.96	30.86	30.76	30.9	30.72	30.64	30.52	30.56	30.44	30.58	30.86	30.92	30.36	30.3	30.86	30.86	30.7	30.98	31.0	30.92	30.62	30.3	30.16	30.5	30.66	30.9	31.18	30.9	31.06	30.98	30.96	30.86	31.04	30.92	31.0	31.1	31.06	31.06	31.12	31.0	31.04	31.04	31.14	31.06	30.96	31.0	30.9	30.98	30.96	30.98	30.86	31.06	30.98	30.98	30.8	30.64	30.8	30.78	30.44	30.98	31.0	30.9	30.92	30.72	30.72	30.64	30.64	30.64	30.66	30.64	30.66	30.7	30.7	30.78	30.78	30.64	30.86	30.78	30.92	30.9	30.66	30.92	30.96	30.78	30.86	30.96	31.0	30.96	30.84	30.92	30.84	30.72	30.56	30.8	30.72	30.56	30.86	30.78	30.62	30.7	30.92	30.78	30.72	30.52	30.8	30.86	30.46	30.56	30.62	30.78	30.66	30.56	30.72	30.76	30.92	30.76	30.72	30.72	30.92	30.76	30.96	30.96	31.0	30.9	31.04	30.44	30.28	30.24	30.5	30.24	30.24	30.22	30.38	30.64	30.8	30.58	31.06	31.0	30.44	30.1	30.32	30.38	30.98	30.7	30.46	30.62	30.58	30.28	30.42	30.16	30.58	30.66	30.8	30.8	30.76	30.72	30.56	30.56	29.96	30.46	30.52	30.52	30.76	30.86	30.64	30.24	30.36	30.66	30.56	30.44	30.42	30.16	30.16	30.16	30.16	30.1	30.28	30.22	30.16	30.3	30.3	30.24	30.56	30.56	30.64	30.42	30.38	30.5	30.38	30.08	30.28	30.3	30.18	30.24	30.08	30.28	30.32	30.5	30.46	30.36	30.44	30.46	30.42	30.36	30.44	30.38	30.3	30.42	30.32	30.36	30.32	30.28	30.38	30.38	30.28	30.32	30.3	30.1
Start 05:46:24		30.32	30.46	30.46	30.5	30.32	30.52	30.64	30.76	30.92	30.92	30.84	31.06	30.96	30.46	30.42	30.44	30.66	30.8	31.0	31.26	31.14	30.92	30.96	31.24	30.7	30.32	30.7	30.66	30.9	31.0	30.96	30.98	30.86	31.18	End 05:46:35
	30.96	31.04	30.9	31.28	31.12	31.18	31.26	31.28	30.92	31.12	31.14	31.1	31.14	31.26	31.2	31.24	31.28	31.14	31.0	31.06	31.06	30.9	30.9	30.8	30.84	30.84	30.38	30.24	30.3	30.22	30.28	30.3	30.42	30.76	30.8	30.86	30.86	30.7	30.92	30.72	30.66	30.72	30.7	30.8	30.84	30.58	30.52	30.58	30.86	30.8	30.72
Start 05:46:51		30.36	30.64	30.7	30.46	30.66	30.76	31.1	31.2	31.34	31.32	31.2	30.9	31.18	31.06	30.96	30.56	30.92	30.96	30.66	30.86	30.64	30.36	30.76	30.78	30.56	30.56	30.44	30.64	30.72	30.04	29.42	29.48	29.82	29.88	30.04	30.04	30.22	30.18	30.14	30.04	30.02	30.02	30.08	30.24	31.04	31.06	30.56	30.16	30.32	30.18	30.28	30.22	30.24	30.22	30.32	30.24	30.38	30.16	29.98	30.18	30.16	30.22	30.1	30.04	30.14	30.18	30.52	30.62	30.56	30.46	30.76	30.72	End 05:47:13
	30.72	30.9	30.62	31.06	31.14	30.62	30.66	31.06	31.06	31.0	30.92	30.86	31.1	31.06	30.92	30.9	30.7	30.36	30.24	30.42	30.18	30.02	30.22	30.7	30.92	31.2	30.98	30.72	30.58	30.62	30.76	30.52	30.9	30.92	30.8	30.78	30.62	30.98	30.84	30.8	30.72	30.32	30.8	30.64	30.9	31.14	31.04	30.84	30.9	30.72	30.8	30.84	30.86	30.92	30.66	30.58	30.8	30.7	30.62	30.76	30.76	30.5	30.76	30.76	30.7	30.72	30.5	30.72	30.62	30.52	30.8	31.1	31.14	31.14	31.1	30.84	30.9	30.08	30.02	30.04	29.68	29.96	29.9	30.02	29.96	29.98	30.14	30.32	30.46	30.5	30.46	30.38	30.16	30.42	30.44	30.56	30.58	30.36	30.62	30.5	30.5	30.58	30.58	30.96	31.06	31.0	30.78	30.76	30.58	30.76	30.8	30.9	30.78	30.76	30.24	30.02	29.92	30.18	30.16	30.46	30.58	30.32	30.58	30.52	30.52	30.38	30.38	30.32	30.36	30.44	30.5	30.46	30.42	30.44	30.42	30.62	30.66	30.72	31.1	31.24	31.32	31.34	30.98	30.98	30.98	30.58	30.76	30.98	30.86	30.64	30.92	30.84	30.96	30.84	30.86	30.86	30.92	30.58	30.9	30.98	31.06	30.92
Start 05:48:04		31.12	30.8	30.64	30.86	31.06	30.98	30.86	30.58	30.72	30.56	30.64	30.62	30.64	30.5	30.38	29.98	29.84	29.88	29.98	29.98	30.02	30.04	30.04	29.82	30.14	30.02	30.1	29.92	30.02	29.68	29.84	30.04	30.04	30.02	30.04	30.22	30.24	30.08	30.18	30.16	30.04	30.66	30.76	31.1	30.8	30.76	30.76	30.64	30.72	30.7	30.78	31.0	30.92	30.9	30.86	30.84	30.9	End 05:48:22
	30.9	30.98	30.9	30.76	30.98	30.86	30.7	31.04	31.06	31.0	31.04	30.86	30.64	30.92	31.04	30.76	31.12	31.12	31.18	31.14	31.1	31.04	31.0	31.18	30.76	31.2	31.18	30.92	31.0	31.1	31.04	31.2	31.1	31.06	30.98	30.32	30.38	30.16	30.38	30.52	30.44	30.18	30.1	30.62	30.7	30.9	31.06	30.98	31.1	31.06	31.06	30.86	31.04	31.04	30.9	30.8	30.76	30.92	30.8	30.5	31.04	30.96	30.84	31.1	30.62	30.62	30.7	30.66	30.58	30.64	30.58	30.46	30.46	30.52	30.46	30.58	30.32	30.66	30.46	30.44	30.42	30.66	30.66	30.58	30.42	30.64	30.66	30.7	30.76	30.62	30.7	30.72	30.76	30.66	30.66	30.42	30.52	30.66	29.74	29.9	29.98	29.98	29.98	30.18	30.28	30.38
Start 05:48:56		30.58	30.62	30.58	30.56	30.64	30.66	30.7	30.52	30.58	30.66	30.44	30.72	30.7	30.58	30.62	30.72	30.66	30.72	30.58	30.5	30.64	30.5	30.66	30.66	30.56	30.86	30.66	30.72	30.8	30.64	30.76	30.52	30.44	30.52	30.42	30.46	30.42	30.5	30.46	30.32	30.32	29.96	30.16	30.38	30.44	29.76	30.24	30.24	30.5	30.44	30.24	30.5	30.66	30.52	30.64	30.58	30.56	30.7	30.8	30.7	30.72	30.72	30.52	30.7	30.7	30.84	30.66	30.9	End 05:49:17
	30.8	30.8	30.76	30.66	30.7	30.58	30.62	30.92	30.78	30.7	30.64	30.64	30.5	30.64	30.72	30.32	30.56	30.66	31.0	31.06	30.78	30.92	30.8	30.64	30.76	30.52	30.52	30.72	30.58	30.7	30.72	30.7	30.7	30.62	30.44	30.46	30.44	30.42	30.66	30.66	30.72	30.7	30.76	30.72	30.78	30.72	30.8	30.92	30.8	30.72	30.8	30.76	30.8	30.7	30.8	30.76	30.76	30.7	30.76	30.62	30.96	30.72	30.32	30.64	30.76	30.72	30.84	30.72	30.7	30.76	30.64	30.7	30.72	30.64	30.5	30.02	29.92	29.92	30.08	30.04	30.1	30.14	30.18	30.22	30.18	30.3	30.28	30.3	30.36	30.32	30.22	30.16	30.28	30.3	30.18	30.1	30.16	30.24	30.08	30.16	30.1	30.64	30.7	30.84	30.9	30.9	30.78	30.9	30.96	31.18	30.98	31.0	30.96	30.86	30.52	30.7	30.72	30.52	30.78	30.92	30.86	31.2	31.32	31.14	31.0	31.14	31.04	31.2	31.2	30.9	31.2	31.1	30.62	30.9	30.8	30.8	30.98	31.06	30.84	30.96	30.92	30.92	31.12	30.56	30.62	30.78	30.84	30.72	30.96	30.8	30.84	30.8	30.8	30.86	30.84	30.66	30.64	30.38	30.38	30.32	30.08	30.28	30.32	30.1	30.5	30.32	30.28	30.62	30.44	30.42	30.28	30.5	30.22	30.44	30.42	30.32	30.16	30.22	29.92	29.88	29.74	29.88	29.5	29.78	30.02	30.16	29.96	30.04	30.8	30.96	30.92	30.86	30.84	30.44	30.7	30.5	30.42	30.8	30.76	30.64	30.5	30.66	30.78	30.9	30.44	30.76	30.78	30.44	30.5	29.98	30.38	30.3	30.28	30.24	30.16	30.38	30.44	30.36	30.14	29.88	30.38	30.46	30.46	30.42	30.3	30.56	30.44	30.28	30.44	30.5	30.42	30.58	30.38	30.52	30.86	30.7	30.56	30.58	30.76	30.76	30.72	30.52	30.44	30.3	30.36	30.38	30.32	30.38	30.36	30.3	30.42	30.18	30.32	30.52	30.64	30.78	30.92	30.84	31.0	30.76	31.1	31.14	30.92	30.7	30.64	30.56	30.72	30.8	30.62	30.9	30.92	30.76	30.98	30.9	30.58	31.0	30.9	30.76	30.92	30.18	30.14	29.92	30.04	30.02	30.1	29.96	30.02	29.96	29.88	29.96	30.36	30.42	30.5	30.56	30.52	30.64	30.56	30.66	30.42	30.62	30.42	30.42	30.52	30.5	30.58	30.32	30.44	30.52	30.36	30.5
Start 05:50:54		30.56	30.38	30.66	30.7	30.42	30.5	30.3	30.7	30.78	30.78	30.78	30.78	30.84	30.72	30.58	30.66	30.86	30.72	30.92	30.98	30.84	30.98	30.98	30.86	30.98	30.92	30.96	30.96	31.06	30.9	31.06	30.56	31.12	31.12	31.1	30.92	End 05:51:05
	31.04	31.0	30.98	30.9	30.96	30.84	30.98	31.0	30.86	31.14	30.92	31.1	30.7	30.8	30.58	30.8	30.76	30.9	30.78	30.84	30.86	30.98	30.92	30.92	30.72	30.7	30.52	30.52	29.84	29.84	30.08
Start 05:51:15		30.96	31.12	30.86	30.96	30.76	31.04	30.72	30.86	30.7	30.96	30.86	30.7	30.84	30.76	30.76	30.5	30.42	30.14	30.64	30.66	30.72	30.36	30.76	30.8	30.72	30.7	30.72	30.66	30.56	30.58	30.96	31.06	31.06	30.8	30.56	30.38	30.32	30.66	30.7	30.7	30.72	30.46	30.62	30.62	30.5	30.66	30.76	30.58	30.64	30.8	30.42	30.52	30.52	30.32	30.04	29.88	29.82	29.92	29.92	29.92	29.78	30.02	29.96	29.96	29.96	29.92	30.18	29.88	30.02	30.02	30.08	30.04	29.74	29.9	29.98	29.9	30.02	30.04	30.02	29.84	30.18	30.18	30.22	30.02	30.08	30.18	30.14	30.04	30.16	29.96	30.08	29.96	29.74	29.88	29.78	30.1	29.98	30.04	30.04	30.08	30.08	29.98	30.16	30.14	30.08	30.02	29.96	29.62	29.9	29.96	29.96	29.98	30.18	29.98	30.02	30.1	30.22	29.98	30.1	29.96	30.02	29.88	29.96	30.02	30.14	30.02	30.08	29.68	30.14	30.04	30.04	30.1	29.92	30.02	29.98	30.04	30.02	30.04	30.02	29.82	29.98	29.38	29.84	29.88	29.92	29.92	29.82	29.88	29.88	30.02	30.02	29.98	29.98	29.98	30.18	30.28	End 05:52:04
	30.16	30.14	30.1	30.18	30.02	30.22	30.24	30.52	30.7	30.8	30.7	30.7	30.72	30.56	30.56	30.46	30.52	30.46	30.38	30.36	30.62	30.42	30.32	30.44	30.56
Start 05:52:12		30.62	30.58	30.64	30.7	30.84	30.64	30.7	30.7	30.86	30.8	30.42	30.46	30.66	30.44	30.58	30.52	30.76	End 05:52:17
	30.86	30.78	30.78	30.86	30.7	30.8	30.86	30.72	30.84	30.86	30.58	30.46	30.36	30.38	30.44	30.32
End of File 25-08-2014 05:52:22