TempSense Log File 18-08-2014 05:26:26 
	25.3		25.34		25.4		25.48		25.4		25.4		25.36		25.4		25.48		25.36		25.36		25.34		25.48		25.6		21.52		30.36		26.44		31.42		31.46		31.42		31.2		31.14		30.96		25.58		25.24		24.82		25.4		25.28		25.46		25.24		25.16		25.22		25.34		25.54		25.22		25.34		24.94		25.36		25.4		25.3		25.04		24.86		24.38		24.34		24.5		24.34		24.64		24.44		24.44		24.56		24.58		24.52		24.16		24.22		23.9		23.8		23.8		23.86		23.84		18.52		18.5		18.46		18.52		24.02		24.08		24.16		24.04		24.44		24.46		24.74		24.74		24.64		24.76		25.28		25.18		25.1		25.16		25.22		25.18		25.22		25.22		25.18		25.18		25.06		24.98		25.06		25.24		25.6		25.12		24.88		25.34		25.18		25.24		25.18		25.36		25.16		25.24		25.22		25.24		25.22		25.28		25.24		25.22		25.28		25.24		25.22		25.18		25.18		25.12		25.22		25.24		25.24		25.1		25.22		25.1		25.12		25.24		25.24		25.16		25.06		25.24		25.16		25.1		25.28		25.18		25.24		25.12		24.94		25.36		25.24		25.22		25.22		25.22		25.24		25.18		25.24		25.28		25.22		25.18		25.22		25.18		25.1		25.24		25.22		25.04		24.62		24.14		24.02		18.66		18.58		18.56		18.44		18.38		18.56		18.5		18.5		23.8		23.9		24.2		23.98		24.56		24.38		25.06		25.18		25.12		25.12		25.06		25.18		25.24		25.18		25.34		25.28		25.28		25.24		25.24		25.24		25.24		25.3		25.3		25.3		25.28		25.28		25.28		25.28		25.28		25.3		25.36		25.34		25.22		25.28		25.24		25.18		25.04		25.6		25.48		25.4		25.46		25.34		25.24		25.4		25.36		25.36		25.34		25.34		25.42		25.34		25.36		25.28		25.42		25.34		25.34		25.24		25.22		25.18		25.22		25.24		25.12		25.3		25.1		25.28		25.18		25.28		25.4		25.18		25.22		25.46		21.72		25.46		25.46		25.52		25.24		25.12		25.1		25.18		25.22		25.0		25.0		25.16		25.12		24.94		24.88		24.74		24.62		24.74		24.74		24.7		24.82		24.98		25.22		25.22		25.16		25.04		25.0		25.12		25.18		25.24		25.22		25.18		25.16		25.12		25.18		25.18		25.28		25.16		25.1		25.16		25.1		25.1		25.16		25.1		25.1		25.34		25.4		25.78		25.84		25.28		25.28		25.18		25.66		25.46		25.54		25.6		25.66		25.66		25.66	
18-08-2014 05:27:56 
	25.86		21.24		26.16		26.14		26.04		25.96		26.04		26.04		26.16		26.1		26.04		26.2		26.08		21.4		21.6		26.34		21.28		21.58		21.72		26.34		25.74		25.68		25.74		25.74		25.78		25.68		25.74		25.72		25.78		25.78		25.78		25.72		25.78		25.78		25.68		25.72		25.72		25.68		25.86		26.04		26.02		25.62		26.02		26.26		26.08		26.02		25.96		25.68		25.8		25.96		21.28		26.22		21.36		26.2		25.36		25.46		25.66		25.58		25.48		25.16		25.24		25.3		25.4		25.52		25.46		25.42		25.66		25.46		25.42		25.58		25.52		25.34		25.36		25.28		25.54		25.34		25.18		25.34		25.46		25.46		25.42		25.42		25.48		25.3		25.12		25.3		25.46		25.48		25.42		25.3		25.36		25.34		25.34		25.3		25.28		25.3		25.42		25.24		25.36		25.34		25.34		25.42		25.4		25.36		25.34		25.48		25.4		25.3		25.54		25.34		25.46		25.24		25.48		25.48		25.36		25.34		25.34		25.36	
18-08-2014 05:28:33 
	25.42		25.3		25.52		25.36		25.48		25.36		25.36		25.36		25.52		25.4		25.42		25.22		25.42		25.36		25.58		25.4		25.34		25.28		25.12		25.46		25.4		25.34		25.4		25.36		25.54		25.36		25.54	
18-08-2014 05:28:41 
	25.36		25.52		25.48		25.48		25.6		25.16		25.6		25.52		25.28		25.46		25.42		25.58		25.54		25.58		25.42		25.58		25.36		25.4		25.62		25.58		25.6		25.48		25.6		25.46		25.52	
18-08-2014 05:28:49 
	25.54		25.6		25.54		25.62		25.36		25.52		25.4		25.54		25.58		25.58		25.48		25.18		25.22		25.58		25.48		25.54		25.48		25.42		25.6		25.6		25.54		25.42		25.48		25.46		25.46		25.46		25.42		25.4		25.54		25.36		25.16		25.48		25.54		25.42		25.42		25.4		25.54	
18-08-2014 05:29:01 
	25.42		25.42		25.54		25.46		25.3		25.3		25.28		25.42		25.36		25.4		25.4		25.36		25.34		25.42		25.4		25.42		25.4		25.52		25.34		25.4		25.24		25.46		22.5		25.4		25.34		25.36		25.28		25.34		25.52		25.52		25.24		25.4		25.46		25.58		25.42		25.46		25.42		25.52		25.24		25.36		25.22		25.42		25.3		25.42		25.28		25.48		25.52		25.4		25.42		25.46		25.36		25.34		25.3		25.36		25.46		25.62		25.46		25.42		25.4		25.34		25.36		25.4		25.4		25.46		25.36		25.36		25.34		25.34		25.4		25.4		25.4		25.36		25.3		25.42		25.4		25.48		25.54		25.24		25.62		25.74		25.66		25.52		25.42		25.52		25.42		25.42		25.66		25.68		25.34		25.52		25.42		25.46		21.46		21.42		21.24		25.74		25.6		25.9		26.14		25.98		25.92		25.84		25.28		25.3		25.18		25.22		25.24		25.42		25.34		25.36		25.22		25.36		25.28		25.42		25.36		25.4		25.24		25.34		25.22		25.42		25.28		25.4		25.18		25.48		25.28		25.36		25.36		25.42		25.3		25.48		25.34		25.36		25.36		25.4		25.28	
18-08-2014 05:29:43 
	25.46		25.28		25.54		25.4		25.36		25.48		25.48		25.48		25.48		25.48		25.52		25.46		25.4		25.46		25.36		25.42		25.48		25.48		25.52		25.48		25.4		25.42		25.46		25.36		25.4		25.36		25.4		25.46		25.4		25.12		25.4		25.36		25.42		25.4		25.42		25.22		25.34		25.18		25.18		25.18		25.28		25.1		25.3		25.18		25.24		25.22		25.12		25.22		25.16		25.04		25.3		25.22		25.16		25.12		25.18		25.36		25.24		25.3		25.24		25.16		25.22		25.16		25.3		25.18		25.24		25.24		25.1		25.24		25.16		25.1		25.16		25.3		25.1		25.12		25.04		25.22		24.98		25.22		25.18		25.3		25.34		25.28		25.3		25.12		25.22		25.28		25.22		25.3		25.36		25.3		25.34		25.3		25.28		25.28		25.36		25.34	
18-08-2014 05:30:13 
	25.3		25.4		25.42		25.3		25.3		25.42		25.3		25.42		25.34		25.36		25.34		25.34		25.3		25.24		25.16		25.12		25.3		25.3		25.22		25.36		25.4		25.36		25.24		25.22		25.34		25.3		25.22		25.3		25.3		25.4		25.24		25.22		25.1		25.12		25.18		26.16		25.74		25.74		26.04		25.8		25.86		25.9		25.66		25.78		25.62		25.6		25.52		25.4		25.42		25.74		26.04		25.9		25.48		25.46		25.4		25.18		25.34		24.98		25.06		25.0		25.3		25.16		25.18		25.18		25.18		25.16		25.22		25.06		25.12		25.16		25.22		25.24		25.16		25.16		25.3		25.12		25.24		25.22		25.18		25.18		25.24		25.18		25.1		25.1		25.18		25.16		25.22		25.12		25.0		25.18		24.94		25.18		25.3		25.16		24.94		25.12		24.92		25.18		25.18		25.24		25.1		25.22		25.18		25.16		25.28		25.3	
18-08-2014 05:30:47 
	25.16		25.28		25.18		25.24		25.3		25.22		25.24		25.16		25.16		25.18		25.16		25.18		25.36		25.42		25.34		25.24		25.34		25.3		25.46		25.42		25.4		25.4		25.3		25.42		25.42		25.52		25.46		25.42		25.46		25.46		25.4		25.42		25.46		25.46		25.42		25.42		25.4		25.42		25.48		25.42		25.42		25.46		25.42		25.4		25.36		25.4		25.46		25.42		25.46		25.48		25.22		25.42		25.28		25.28		25.46		25.46		25.22	
18-08-2014 05:31:05 
	25.24		25.34		25.36		25.36		25.28		25.12		25.22		25.34		25.34		25.3		25.24		25.16		25.28		25.58		25.54		25.48		25.48		25.58		25.52		25.52		25.58		25.4		25.62		25.3		25.46		25.42		25.54		25.54		25.54		25.48		25.58		25.3		25.48		25.42		25.54		25.52		25.52		25.3		25.12		25.4		25.28		25.28		25.22		25.3		25.06		25.16		25.22		25.22		25.36		25.22		25.24		25.16		25.24		25.36		25.18		25.22		25.16		25.34		25.4		25.24		25.24		25.36		25.36		25.4		25.28		25.3		25.22		25.28		25.34		25.4		25.42		25.28		25.46		25.34		25.3		25.36		25.4		25.24		25.24		25.34		25.24		25.12		25.24		25.12		25.34		25.22		25.24		25.36		24.98		25.0		25.1		25.12		24.92		25.28		25.06		25.12		25.18		25.34		25.8		25.96		26.26		26.04		26.14		26.1		26.08		26.22		25.4		25.28		25.46		25.54		25.46		25.4		25.4		25.46		25.46		25.28		25.34		25.28		25.18		25.22		25.36		25.24		25.42		25.48		25.4		25.42		25.12		25.0		24.98		25.1		25.24		25.42		25.24		25.46		25.42		25.36		25.42		25.4		25.28		25.36		25.46		25.48		25.3		25.24		25.28		25.36		25.16		25.24		25.1		25.24		25.3		25.34		25.28		25.22		25.12		25.18		25.18		25.06		25.16		25.28		25.18		25.22		25.28		25.04		25.1		25.18		25.3		25.06		25.24		25.3		25.28		25.24		25.24		25.1		25.18		25.18		25.22		25.28		25.22		25.16		25.24		25.18		25.3		25.28		25.34		25.36		25.22		25.3		25.4		25.28		25.28		25.22		25.24		25.24		25.22		25.28		25.18		25.3		25.16		25.22		25.28		25.18		25.24		25.24		25.22		25.24		24.74		25.22		25.04		25.1		25.12		25.22		25.22		25.24		25.3		25.22		25.18		25.24		25.24		25.1		25.16		25.1		25.1		25.58		25.48		25.48		25.46		25.36		25.4		25.52		25.0		25.22		25.24		25.18		25.16		25.24		25.28		25.12		25.18		25.16		25.16		25.28		25.1		25.22		25.28		25.1		25.16		25.04		25.1		24.92		25.18		25.16		25.24		25.1		25.22		25.18		25.1		25.28		25.06		25.12		25.12		25.16		25.12		25.12		25.04		24.98		25.18		25.16		25.06		25.18		25.28		25.18		25.22		25.3		25.24		25.18		25.22		25.28		25.1		25.16		25.04		25.24		25.24		25.24		25.16		25.12		25.16		25.16		25.1		25.1		25.24		25.12		25.04		24.98		25.06		25.06		25.18		25.18		25.22		25.22		25.18		25.22		25.04		25.04		25.04		25.12		25.12		25.06		25.12		25.16		25.0		25.12		25.1		25.04		24.76		25.3		25.22		25.18		25.3		25.22		25.3		25.28		25.12		25.28		25.22		25.06		24.98		24.68		23.96		18.66		18.5		18.52		18.52		18.58		23.9		23.92		23.92		23.84		23.8		23.86		23.8		18.66		23.9		18.56		18.66		23.98		24.5		24.7		24.5		24.32		24.4		24.52		25.04		25.3		25.0		25.1		25.34		25.36		25.22		25.16		25.24		25.48		25.36		25.42		25.46		25.36		25.22		25.0		25.04		25.28		25.42		25.4		25.36		25.4		25.04		24.68		24.7		24.62		24.8		25.36		25.72		25.98		25.96		25.72		25.6		25.66		25.54		25.62		25.3		25.52		25.18		25.06		24.88		24.76		24.38		24.88		24.82		24.8		24.58		24.56		24.86		25.06		25.46		25.46		25.62		25.58		21.24		25.92		25.96		26.02		25.84		25.8		25.66		25.68		25.58		25.42		25.48		25.04		25.0		24.7		25.16		25.16		25.28		25.4		25.48		25.0		24.76		24.7		24.56		24.88		25.4		25.52		25.36		25.48		25.36		25.42		25.24		25.12		25.22		25.3		25.36		25.3		25.4		25.28		25.18		25.58		25.42		25.52		25.42		25.46		25.52		25.52		25.36		25.46		25.42		25.48		25.48		25.4		25.36		25.48		25.46		25.48		25.4		25.4		25.3		25.42		25.48		25.46		25.48		25.46		25.24		25.36		25.42		25.34		25.28		25.34		25.22		25.18		25.18		25.24		25.16		25.22		25.18		25.28		25.28		25.16		25.3		25.36		25.18		25.3		25.3		25.24		25.1		25.28		25.34		25.28		25.24		25.3		25.42		25.28		25.48		25.48		25.46		25.46		25.36		25.42		25.4		25.46		25.28		25.3		25.3		25.28		25.16		24.86		24.94		25.16		25.28		25.58		25.36		25.34		25.74		25.6		25.54		25.52		25.52		25.6		25.48		25.52		25.28		25.54		25.42		24.94		24.76		24.8	
End of File 18-08-2014 05:33:52