15-11-2014 03:44:16

Start 03:44:19	0.38709676,237.7016,625.5376	0.38709676,237.7016,625.5376	0.38709676,237.7016,625.5376	0.3548387,197.58064,518.5484	0.3548387,197.58064,518.5484	0.3548387,197.58064,518.5484	0.38709676,237.7016,625.5376	0.38709676,237.7016,625.5376	0.38709676,237.7016,625.5376	0.38709676,237.7016,625.5376	0.3548387,197.58064,518.5484	0.38709676,237.7016,625.5376	0.38709676,237.7016,625.5376	0.38709676,237.7016,625.5376	0.38709676,237.7016,625.5376	0.38709676,237.7016,625.5376	0.3548387,197.58064,518.5484	0.38709676,237.7016,625.5376	0.38709676,237.7016,625.5376	0.3548387,197.58064,518.5484		End 03:44:29

Start 03:44:46	0.32258064,157.45966,411.55908	0.38709676,237.7016,625.5376	0.3548387,197.58064,518.5484	0.32258064,157.45966,411.55908	0.3548387,197.58064,518.5484	0.3548387,197.58064,518.5484	0.38709676,237.7016,625.5376	0.38709676,237.7016,625.5376	0.32258064,157.45966,411.55908	0.38709676,237.7016,625.5376	0.38709676,237.7016,625.5376	0.3548387,197.58064,518.5484	0.3548387,197.58064,518.5484	0.3548387,197.58064,518.5484	0.38709676,237.7016,625.5376	0.38709676,237.7016,625.5376	0.38709676,237.7016,625.5376	0.3548387,197.58064,518.5484	0.38709676,237.7016,625.5376		End 03:44:56

Start 03:45:06	0.3548387,197.58064,518.5484	0.38709676,237.7016,625.5376	0.38709676,237.7016,625.5376	0.38709676,237.7016,625.5376	0.38709676,237.7016,625.5376	0.3548387,197.58064,518.5484	0.38709676,237.7016,625.5376	0.3548387,197.58064,518.5484	0.29032257,117.33869,304.56985	0.3548387,197.58064,518.5484	0.29032257,117.33869,304.56985	0.38709676,237.7016,625.5376	0.38709676,237.7016,625.5376	0.32258064,157.45966,411.55908	0.38709676,237.7016,625.5376	0.3548387,197.58064,518.5484	0.3548387,197.58064,518.5484	0.32258064,157.45966,411.55908	0.3548387,197.58064,518.5484	0.38709676,237.7016,625.5376		End 03:45:16

Start 03:45:34	0.32258064,157.45966,411.55908	0.3548387,197.58064,518.5484	0.29032257,117.33869,304.56985	0.32258064,157.45966,411.55908	0.32258064,157.45966,411.55908	0.32258064,157.45966,411.55908	0.3548387,197.58064,518.5484	0.3548387,197.58064,518.5484	0.3548387,197.58064,518.5484	0.32258064,157.45966,411.55908	0.32258064,157.45966,411.55908	0.32258064,157.45966,411.55908	0.32258064,157.45966,411.55908	0.32258064,157.45966,411.55908	0.3548387,197.58064,518.5484	0.3548387,197.58064,518.5484	0.32258064,157.45966,411.55908	0.3548387,197.58064,518.5484	0.3548387,197.58064,518.5484	0.32258064,157.45966,411.55908		End 03:45:44

Start 03:45:59	0.3548387,197.58064,518.5484	0.38709676,237.7016,625.5376	0.3548387,197.58064,518.5484	0.32258064,157.45966,411.55908	0.3548387,197.58064,518.5484	0.38709676,237.7016,625.5376	0.32258064,157.45966,411.55908	0.32258064,157.45966,411.55908	0.32258064,157.45966,411.55908	0.3548387,197.58064,518.5484	0.3548387,197.58064,518.5484	0.38709676,237.7016,625.5376	0.3548387,197.58064,518.5484	0.38709676,237.7016,625.5376	0.32258064,157.45966,411.55908	0.3548387,197.58064,518.5484	0.38709676,237.7016,625.5376	0.38709676,237.7016,625.5376	0.32258064,157.45966,411.55908		End 03:46:09

Start 03:46:28	0.3548387,197.58064,518.5484	0.38709676,237.7016,625.5376	0.38709676,237.7016,625.5376	0.3548387,197.58064,518.5484	0.3548387,197.58064,518.5484	0.3548387,197.58064,518.5484	0.32258064,157.45966,411.55908	0.3548387,197.58064,518.5484	0.38709676,237.7016,625.5376	0.3548387,197.58064,518.5484	0.32258064,157.45966,411.55908	0.3548387,197.58064,518.5484	0.32258064,157.45966,411.55908	0.38709676,237.7016,625.5376	0.3548387,197.58064,518.5484	0.38709676,237.7016,625.5376	0.32258064,157.45966,411.55908	0.3548387,197.58064,518.5484	0.3548387,197.58064,518.5484	0.38709676,237.7016,625.5376		End 03:46:38

Start 03:47:00	0.3548387,197.58064,518.5484	0.3548387,197.58064,518.5484	0.32258064,157.45966,411.55908	0.32258064,157.45966,411.55908	0.32258064,157.45966,411.55908	0.38709676,237.7016,625.5376	0.3548387,197.58064,518.5484	0.3548387,197.58064,518.5484	0.38709676,237.7016,625.5376	0.38709676,237.7016,625.5376	0.3548387,197.58064,518.5484	0.32258064,157.45966,411.55908	0.38709676,237.7016,625.5376	0.3548387,197.58064,518.5484	0.32258064,157.45966,411.55908	0.32258064,157.45966,411.55908	0.3548387,197.58064,518.5484	0.29032257,117.33869,304.56985	0.32258064,157.45966,411.55908	0.3548387,197.58064,518.5484		End 03:47:10

Start 03:47:26	0.3548387,197.58064,518.5484	0.38709676,237.7016,625.5376	0.38709676,237.7016,625.5376	0.32258064,157.45966,411.55908	0.32258064,157.45966,411.55908	0.3548387,197.58064,518.5484	0.3548387,197.58064,518.5484	0.3548387,197.58064,518.5484	0.32258064,157.45966,411.55908	0.32258064,157.45966,411.55908	0.3548387,197.58064,518.5484	0.3548387,197.58064,518.5484	0.3548387,197.58064,518.5484	0.38709676,237.7016,625.5376	0.38709676,237.7016,625.5376	0.32258064,157.45966,411.55908	0.3548387,197.58064,518.5484	0.38709676,237.7016,625.5376	0.32258064,157.45966,411.55908	0.38709676,237.7016,625.5376		End 03:47:36

Start 03:47:46	0.3548387,197.58064,518.5484	0.32258064,157.45966,411.55908	0.32258064,157.45966,411.55908	0.32258064,157.45966,411.55908	0.3548387,197.58064,518.5484	0.32258064,157.45966,411.55908	0.32258064,157.45966,411.55908	0.3548387,197.58064,518.5484	0.61290324,518.5484,1000.0	0.32258064,157.45966,411.55908	0.32258064,157.45966,411.55908	0.3548387,197.58064,518.5484	0.32258064,157.45966,411.55908	0.32258064,157.45966,411.55908	0.32258064,157.45966,411.55908	0.3548387,197.58064,518.5484	0.38709676,237.7016,625.5376	0.32258064,157.45966,411.55908	0.3548387,197.58064,518.5484	0.3548387,197.58064,518.5484		End 03:47:56

Start 03:48:09	0.32258064,157.45966,411.55908	0.32258064,157.45966,411.55908	0.32258064,157.45966,411.55908	0.3548387,197.58064,518.5484	0.32258064,157.45966,411.55908	0.3548387,197.58064,518.5484	0.32258064,157.45966,411.55908	0.32258064,157.45966,411.55908	0.3548387,197.58064,518.5484	0.3548387,197.58064,518.5484	0.32258064,157.45966,411.55908	0.32258064,157.45966,411.55908	0.29032257,117.33869,304.56985	0.29032257,117.33869,304.56985	0.3548387,197.58064,518.5484	0.32258064,157.45966,411.55908	0.3548387,197.58064,518.5484	0.32258064,157.45966,411.55908	0.58064514,478.42737,1000.0	0.38709676,237.7016,625.5376		End 03:48:19

Start 03:48:29	0.32258064,157.45966,411.55908	0.32258064,157.45966,411.55908	0.3548387,197.58064,518.5484	0.32258064,157.45966,411.55908	0.29032257,117.33869,304.56985	0.32258064,157.45966,411.55908	0.3548387,197.58064,518.5484	0.38709676,237.7016,625.5376	0.32258064,157.45966,411.55908	0.32258064,157.45966,411.55908	0.3548387,197.58064,518.5484	0.32258064,157.45966,411.55908	0.32258064,157.45966,411.55908	0.38709676,237.7016,625.5376	0.3548387,197.58064,518.5484	0.32258064,157.45966,411.55908	0.3548387,197.58064,518.5484	0.3548387,197.58064,518.5484	0.29032257,117.33869,304.56985	0.32258064,157.45966,411.55908		End 03:48:39

Start 03:48:47	0.32258064,157.45966,411.55908	0.38709676,237.7016,625.5376	0.38709676,237.7016,625.5376	0.3548387,197.58064,518.5484	0.3548387,197.58064,518.5484	0.32258064,157.45966,411.55908	0.3548387,197.58064,518.5484	0.3548387,197.58064,518.5484	0.38709676,237.7016,625.5376	0.32258064,157.45966,411.55908	0.32258064,157.45966,411.55908	0.32258064,157.45966,411.55908	0.32258064,157.45966,411.55908	0.32258064,157.45966,411.55908	0.29032257,117.33869,304.56985	0.3548387,197.58064,518.5484	0.32258064,157.45966,411.55908	0.3548387,197.58064,518.5484	0.32258064,157.45966,411.55908	0.32258064,157.45966,411.55908		End 03:48:57

End of File 15-11-2014 03:49:06