15-11-2014 03:14:25

Start 03:15:19	0.32258064,157.45966,411.55908	0.38709676,237.7016,625.5376	0.38709676,237.7016,625.5376	0.32258064,157.45966,411.55908	0.3548387,197.58064,518.5484	0.32258064,157.45966,411.55908	0.3548387,197.58064,518.5484	0.32258064,157.45966,411.55908	0.3548387,197.58064,518.5484	0.32258064,157.45966,411.55908	0.3548387,197.58064,518.5484	0.32258064,157.45966,411.55908	0.3548387,197.58064,518.5484	0.3548387,197.58064,518.5484	0.3548387,197.58064,518.5484	0.3548387,197.58064,518.5484	0.38709676,237.7016,625.5376	0.32258064,157.45966,411.55908	0.3548387,197.58064,518.5484	0.32258064,157.45966,411.55908		End 03:15:29

Start 03:15:36	0.38709676,237.7016,625.5376	0.3548387,197.58064,518.5484	0.38709676,237.7016,625.5376	0.3548387,197.58064,518.5484	0.38709676,237.7016,625.5376	0.3548387,197.58064,518.5484	0.3548387,197.58064,518.5484	0.38709676,237.7016,625.5376	0.3548387,197.58064,518.5484	0.38709676,237.7016,625.5376	0.38709676,237.7016,625.5376	0.38709676,237.7016,625.5376	0.38709676,237.7016,625.5376	0.38709676,237.7016,625.5376	0.38709676,237.7016,625.5376	0.3548387,197.58064,518.5484	0.38709676,237.7016,625.5376	0.3548387,197.58064,518.5484	0.38709676,237.7016,625.5376		End 03:15:46

Start 03:15:59	0.38709676,237.7016,625.5376	0.38709676,237.7016,625.5376	0.3548387,197.58064,518.5484	0.38709676,237.7016,625.5376	0.38709676,237.7016,625.5376	0.38709676,237.7016,625.5376	0.3548387,197.58064,518.5484	0.38709676,237.7016,625.5376	0.38709676,237.7016,625.5376	0.38709676,237.7016,625.5376	0.38709676,237.7016,625.5376	0.38709676,237.7016,625.5376	0.3548387,197.58064,518.5484	0.38709676,237.7016,625.5376	0.38709676,237.7016,625.5376	0.3548387,197.58064,518.5484	0.38709676,237.7016,625.5376	0.3548387,197.58064,518.5484	0.3548387,197.58064,518.5484	0.3548387,197.58064,518.5484		End 03:16:09

Start 03:16:20	0.38709676,237.7016,625.5376	0.38709676,237.7016,625.5376	0.38709676,237.7016,625.5376	0.38709676,237.7016,625.5376	0.38709676,237.7016,625.5376	0.38709676,237.7016,625.5376	0.3548387,197.58064,518.5484	0.38709676,237.7016,625.5376	0.3548387,197.58064,518.5484	0.38709676,237.7016,625.5376	0.38709676,237.7016,625.5376	0.38709676,237.7016,625.5376	0.38709676,237.7016,625.5376	0.3548387,197.58064,518.5484	0.3548387,197.58064,518.5484	0.38709676,237.7016,625.5376	0.38709676,237.7016,625.5376	0.3548387,197.58064,518.5484	0.3548387,197.58064,518.5484	0.38709676,237.7016,625.5376		End 03:16:30

Start 03:16:39	0.32258064,157.45966,411.55908	0.3548387,197.58064,518.5484	0.32258064,157.45966,411.55908	0.32258064,157.45966,411.55908	0.32258064,157.45966,411.55908	0.32258064,157.45966,411.55908	0.32258064,157.45966,411.55908	0.3548387,197.58064,518.5484	0.3548387,197.58064,518.5484	0.32258064,157.45966,411.55908	0.32258064,157.45966,411.55908	0.32258064,157.45966,411.55908	0.32258064,157.45966,411.55908	0.32258064,157.45966,411.55908	0.32258064,157.45966,411.55908	0.3548387,197.58064,518.5484	0.32258064,157.45966,411.55908	0.32258064,157.45966,411.55908	0.29032257,117.33869,304.56985	0.29032257,117.33869,304.56985		End 03:16:49

Start 03:16:58	0.29032257,117.33869,304.56985	0.29032257,117.33869,304.56985	0.29032257,117.33869,304.56985	0.2580645,77.217735,197.58063	0.29032257,117.33869,304.56985	0.29032257,117.33869,304.56985	0.29032257,117.33869,304.56985	0.29032257,117.33869,304.56985	0.29032257,117.33869,304.56985	0.29032257,117.33869,304.56985	0.29032257,117.33869,304.56985	0.2580645,77.217735,197.58063	0.29032257,117.33869,304.56985	0.29032257,117.33869,304.56985	0.29032257,117.33869,304.56985	0.29032257,117.33869,304.56985	0.29032257,117.33869,304.56985	0.29032257,117.33869,304.56985	0.29032257,117.33869,304.56985	0.29032257,117.33869,304.56985		End 03:17:08

Start 03:18:10	0.29032257,117.33869,304.56985	0.29032257,117.33869,304.56985	0.29032257,117.33869,304.56985	0.29032257,117.33869,304.56985	0.29032257,117.33869,304.56985	0.29032257,117.33869,304.56985	0.29032257,117.33869,304.56985	0.29032257,117.33869,304.56985	0.29032257,117.33869,304.56985	0.29032257,117.33869,304.56985	0.29032257,117.33869,304.56985	0.29032257,117.33869,304.56985	0.29032257,117.33869,304.56985	0.2580645,77.217735,197.58063	0.29032257,117.33869,304.56985	0.29032257,117.33869,304.56985	0.29032257,117.33869,304.56985	0.29032257,117.33869,304.56985	0.29032257,117.33869,304.56985	0.29032257,117.33869,304.56985		End 03:18:20

Start 03:18:30	0.29032257,117.33869,304.56985	0.29032257,117.33869,304.56985	0.29032257,117.33869,304.56985	0.29032257,117.33869,304.56985	0.29032257,117.33869,304.56985	0.29032257,117.33869,304.56985	0.29032257,117.33869,304.56985	0.29032257,117.33869,304.56985	0.29032257,117.33869,304.56985	0.29032257,117.33869,304.56985	0.29032257,117.33869,304.56985	0.29032257,117.33869,304.56985	0.29032257,117.33869,304.56985	0.2580645,77.217735,197.58063	0.29032257,117.33869,304.56985	0.29032257,117.33869,304.56985	0.29032257,117.33869,304.56985	0.29032257,117.33869,304.56985	0.29032257,117.33869,304.56985	0.2580645,77.217735,197.58063		End 03:18:40

Start 03:18:49	0.61290324,518.5484,1000.0	0.32258064,157.45966,411.55908	0.32258064,157.45966,411.55908	0.32258064,157.45966,411.55908	0.32258064,157.45966,411.55908	0.32258064,157.45966,411.55908	0.32258064,157.45966,411.55908	0.32258064,157.45966,411.55908	0.32258064,157.45966,411.55908	0.32258064,157.45966,411.55908	0.32258064,157.45966,411.55908	0.32258064,157.45966,411.55908	0.32258064,157.45966,411.55908	0.32258064,157.45966,411.55908	0.3548387,197.58064,518.5484	0.32258064,157.45966,411.55908	0.32258064,157.45966,411.55908	0.32258064,157.45966,411.55908	0.3548387,197.58064,518.5484	0.32258064,157.45966,411.55908		End 03:18:59

Start 03:19:21	0.3548387,197.58064,518.5484	0.38709676,237.7016,625.5376	0.38709676,237.7016,625.5376	0.38709676,237.7016,625.5376	0.38709676,237.7016,625.5376	0.3548387,197.58064,518.5484	0.38709676,237.7016,625.5376	0.38709676,237.7016,625.5376	0.38709676,237.7016,625.5376	0.38709676,237.7016,625.5376	0.38709676,237.7016,625.5376	0.38709676,237.7016,625.5376	0.38709676,237.7016,625.5376	0.3548387,197.58064,518.5484	0.38709676,237.7016,625.5376	0.38709676,237.7016,625.5376	0.38709676,237.7016,625.5376	0.3548387,197.58064,518.5484	0.38709676,237.7016,625.5376	0.38709676,237.7016,625.5376		End 03:19:31

Start 03:19:41	0.3548387,197.58064,518.5484	0.38709676,237.7016,625.5376	0.38709676,237.7016,625.5376	0.3548387,197.58064,518.5484	0.38709676,237.7016,625.5376	0.3548387,197.58064,518.5484	0.38709676,237.7016,625.5376	0.3548387,197.58064,518.5484	0.38709676,237.7016,625.5376	0.38709676,237.7016,625.5376	0.38709676,237.7016,625.5376	0.3548387,197.58064,518.5484	0.38709676,237.7016,625.5376	0.38709676,237.7016,625.5376	0.38709676,237.7016,625.5376	0.38709676,237.7016,625.5376	0.38709676,237.7016,625.5376	0.38709676,237.7016,625.5376	0.38709676,237.7016,625.5376	0.38709676,237.7016,625.5376		End 03:19:51

Start 03:19:58	0.38709676,237.7016,625.5376	0.38709676,237.7016,625.5376	0.38709676,237.7016,625.5376	0.38709676,237.7016,625.5376	0.38709676,237.7016,625.5376	0.38709676,237.7016,625.5376	0.38709676,237.7016,625.5376	0.38709676,237.7016,625.5376	0.38709676,237.7016,625.5376	0.3548387,197.58064,518.5484	0.3548387,197.58064,518.5484	0.38709676,237.7016,625.5376	0.3548387,197.58064,518.5484	0.38709676,237.7016,625.5376	0.38709676,237.7016,625.5376	0.38709676,237.7016,625.5376	0.3548387,197.58064,518.5484	0.3548387,197.58064,518.5484	0.38709676,237.7016,625.5376	0.38709676,237.7016,625.5376		End 03:20:08

End of File 15-11-2014 03:20:14