15-11-2014 03:56:19

Start 03:56:31	0.38709676,237.7016,625.5376	0.38709676,237.7016,625.5376	0.38709676,237.7016,625.5376	0.3548387,197.58064,518.5484	0.38709676,237.7016,625.5376	0.3548387,197.58064,518.5484	0.38709676,237.7016,625.5376	0.38709676,237.7016,625.5376	0.38709676,237.7016,625.5376	0.38709676,237.7016,625.5376	0.38709676,237.7016,625.5376	0.3548387,197.58064,518.5484	0.38709676,237.7016,625.5376	0.3548387,197.58064,518.5484	0.3548387,197.58064,518.5484	0.38709676,237.7016,625.5376	0.3548387,197.58064,518.5484	0.38709676,237.7016,625.5376	0.32258064,157.45966,411.55908	0.3548387,197.58064,518.5484		End 03:56:41

Start 03:56:58	0.3548387,197.58064,518.5484	0.3548387,197.58064,518.5484	0.38709676,237.7016,625.5376	0.32258064,157.45966,411.55908	0.3548387,197.58064,518.5484	0.32258064,157.45966,411.55908	0.32258064,157.45966,411.55908	0.32258064,157.45966,411.55908	0.3548387,197.58064,518.5484	0.32258064,157.45966,411.55908	0.32258064,157.45966,411.55908	0.3548387,197.58064,518.5484	0.32258064,157.45966,411.55908	0.32258064,157.45966,411.55908	0.32258064,157.45966,411.55908	0.32258064,157.45966,411.55908	0.32258064,157.45966,411.55908	0.32258064,157.45966,411.55908	0.3548387,197.58064,518.5484	0.32258064,157.45966,411.55908		End 03:57:08

Start 03:57:18	0.32258064,157.45966,411.55908	0.32258064,157.45966,411.55908	0.3548387,197.58064,518.5484	0.32258064,157.45966,411.55908	0.32258064,157.45966,411.55908	0.29032257,117.33869,304.56985	0.32258064,157.45966,411.55908	0.32258064,157.45966,411.55908	0.32258064,157.45966,411.55908	0.32258064,157.45966,411.55908	0.32258064,157.45966,411.55908	0.32258064,157.45966,411.55908	0.32258064,157.45966,411.55908	0.32258064,157.45966,411.55908	0.32258064,157.45966,411.55908	0.3548387,197.58064,518.5484	0.32258064,157.45966,411.55908	0.32258064,157.45966,411.55908	0.3548387,197.58064,518.5484	0.32258064,157.45966,411.55908		End 03:57:28

Start 03:57:37	0.32258064,157.45966,411.55908	0.3548387,197.58064,518.5484	0.3548387,197.58064,518.5484	0.3548387,197.58064,518.5484	0.3548387,197.58064,518.5484	0.3548387,197.58064,518.5484	0.32258064,157.45966,411.55908	0.32258064,157.45966,411.55908	0.32258064,157.45966,411.55908	0.32258064,157.45966,411.55908	0.32258064,157.45966,411.55908	0.32258064,157.45966,411.55908	0.29032257,117.33869,304.56985	0.32258064,157.45966,411.55908	0.32258064,157.45966,411.55908	0.32258064,157.45966,411.55908	0.32258064,157.45966,411.55908	0.3548387,197.58064,518.5484	0.58064514,478.42737,1000.0		End 03:57:47

Start 03:57:55	0.29032257,117.33869,304.56985	0.29032257,117.33869,304.56985	0.29032257,117.33869,304.56985	0.29032257,117.33869,304.56985	0.29032257,117.33869,304.56985	0.29032257,117.33869,304.56985	0.29032257,117.33869,304.56985	0.29032257,117.33869,304.56985	0.29032257,117.33869,304.56985	0.29032257,117.33869,304.56985	0.29032257,117.33869,304.56985	0.29032257,117.33869,304.56985	0.29032257,117.33869,304.56985	0.32258064,157.45966,411.55908	0.29032257,117.33869,304.56985	0.29032257,117.33869,304.56985	0.29032257,117.33869,304.56985	0.29032257,117.33869,304.56985	0.29032257,117.33869,304.56985		End 03:58:05

Start 03:58:15	0.41935486,277.82263,732.52704	0.41935486,277.82263,732.52704	0.41935486,277.82263,732.52704	0.38709676,237.7016,625.5376	0.38709676,237.7016,625.5376	0.38709676,237.7016,625.5376	0.41935486,277.82263,732.52704	0.38709676,237.7016,625.5376	0.38709676,237.7016,625.5376	0.38709676,237.7016,625.5376	0.38709676,237.7016,625.5376	0.38709676,237.7016,625.5376	0.38709676,237.7016,625.5376	0.38709676,237.7016,625.5376	0.38709676,237.7016,625.5376	0.38709676,237.7016,625.5376	0.41935486,277.82263,732.52704	0.38709676,237.7016,625.5376	0.38709676,237.7016,625.5376		End 03:58:25

Start 03:58:48	0.2580645,77.217735,197.58063	0.2580645,77.217735,197.58063	0.2580645,77.217735,197.58063	0.2580645,77.217735,197.58063	0.2580645,77.217735,197.58063	0.2580645,77.217735,197.58063	0.2580645,77.217735,197.58063	0.2580645,77.217735,197.58063	0.2580645,77.217735,197.58063	0.2580645,77.217735,197.58063	0.2580645,77.217735,197.58063	0.2580645,77.217735,197.58063	0.2580645,77.217735,197.58063	0.2580645,77.217735,197.58063	0.2580645,77.217735,197.58063	0.2580645,77.217735,197.58063	0.2580645,77.217735,197.58063	0.2580645,77.217735,197.58063	0.2580645,77.217735,197.58063	0.22580644,37.096775,90.5914		End 03:58:58

Start 03:59:06	0.32258064,157.45966,411.55908	0.32258064,157.45966,411.55908	0.32258064,157.45966,411.55908	0.3548387,197.58064,518.5484	0.32258064,157.45966,411.55908	0.32258064,157.45966,411.55908	0.32258064,157.45966,411.55908	0.32258064,157.45966,411.55908	0.3548387,197.58064,518.5484	0.3548387,197.58064,518.5484	0.32258064,157.45966,411.55908	0.32258064,157.45966,411.55908	0.32258064,157.45966,411.55908	0.3548387,197.58064,518.5484	0.32258064,157.45966,411.55908	0.29032257,117.33869,304.56985	0.3548387,197.58064,518.5484	0.32258064,157.45966,411.55908	0.32258064,157.45966,411.55908	0.32258064,157.45966,411.55908		End 03:59:16

Start 03:59:25	0.32258064,157.45966,411.55908	0.32258064,157.45966,411.55908	0.3548387,197.58064,518.5484	0.32258064,157.45966,411.55908	0.32258064,157.45966,411.55908	0.32258064,157.45966,411.55908	0.32258064,157.45966,411.55908	0.3548387,197.58064,518.5484	0.32258064,157.45966,411.55908	0.3548387,197.58064,518.5484	0.32258064,157.45966,411.55908	0.32258064,157.45966,411.55908	0.3548387,197.58064,518.5484	0.32258064,157.45966,411.55908	0.32258064,157.45966,411.55908	0.32258064,157.45966,411.55908	0.32258064,157.45966,411.55908	0.32258064,157.45966,411.55908	0.32258064,157.45966,411.55908	0.32258064,157.45966,411.55908		End 03:59:35

Start 03:59:42	0.32258064,157.45966,411.55908	0.3548387,197.58064,518.5484	0.32258064,157.45966,411.55908	0.32258064,157.45966,411.55908	0.32258064,157.45966,411.55908	0.3548387,197.58064,518.5484	0.32258064,157.45966,411.55908	0.3548387,197.58064,518.5484	0.32258064,157.45966,411.55908	0.32258064,157.45966,411.55908	0.32258064,157.45966,411.55908	0.32258064,157.45966,411.55908	0.32258064,157.45966,411.55908	0.3548387,197.58064,518.5484	0.32258064,157.45966,411.55908	0.32258064,157.45966,411.55908	0.3548387,197.58064,518.5484	0.3548387,197.58064,518.5484	0.32258064,157.45966,411.55908		End 03:59:52

Start 03:59:58	0.32258064,157.45966,411.55908	0.32258064,157.45966,411.55908	0.32258064,157.45966,411.55908	0.32258064,157.45966,411.55908	0.32258064,157.45966,411.55908	0.32258064,157.45966,411.55908	0.32258064,157.45966,411.55908	0.32258064,157.45966,411.55908	0.32258064,157.45966,411.55908	0.3548387,197.58064,518.5484	0.32258064,157.45966,411.55908	0.3548387,197.58064,518.5484	0.3548387,197.58064,518.5484	0.3548387,197.58064,518.5484	0.29032257,117.33869,304.56985	0.32258064,157.45966,411.55908	0.32258064,157.45966,411.55908	0.32258064,157.45966,411.55908	0.3548387,197.58064,518.5484	0.3548387,197.58064,518.5484		End 04:00:08

Start 04:00:14	0.32258064,157.45966,411.55908	0.29032257,117.33869,304.56985	0.32258064,157.45966,411.55908	0.3548387,197.58064,518.5484	0.32258064,157.45966,411.55908	0.32258064,157.45966,411.55908	0.3548387,197.58064,518.5484	0.32258064,157.45966,411.55908	0.3548387,197.58064,518.5484	0.32258064,157.45966,411.55908	0.32258064,157.45966,411.55908	0.32258064,157.45966,411.55908	0.3548387,197.58064,518.5484	0.32258064,157.45966,411.55908	0.32258064,157.45966,411.55908	0.38709676,237.7016,625.5376	0.32258064,157.45966,411.55908	0.3548387,197.58064,518.5484	0.32258064,157.45966,411.55908		End 04:00:24

End of File 15-11-2014 04:00:29