15-11-2014 03:49:54

Start 03:50:01	0.3548387,197.58064,518.5484	0.38709676,237.7016,625.5376	0.3548387,197.58064,518.5484	0.3548387,197.58064,518.5484	0.32258064,157.45966,411.55908	0.38709676,237.7016,625.5376	0.38709676,237.7016,625.5376	0.3548387,197.58064,518.5484	0.3548387,197.58064,518.5484	0.3548387,197.58064,518.5484	0.38709676,237.7016,625.5376	0.38709676,237.7016,625.5376	0.38709676,237.7016,625.5376	0.3548387,197.58064,518.5484	0.38709676,237.7016,625.5376	0.3548387,197.58064,518.5484	0.3548387,197.58064,518.5484	0.38709676,237.7016,625.5376	0.38709676,237.7016,625.5376		End 03:50:11

Start 03:50:37	0.32258064,157.45966,411.55908	0.32258064,157.45966,411.55908	0.32258064,157.45966,411.55908	0.32258064,157.45966,411.55908	0.32258064,157.45966,411.55908	0.3548387,197.58064,518.5484	0.32258064,157.45966,411.55908	0.32258064,157.45966,411.55908	0.32258064,157.45966,411.55908	0.32258064,157.45966,411.55908	0.32258064,157.45966,411.55908	0.38709676,237.7016,625.5376	0.32258064,157.45966,411.55908	0.38709676,237.7016,625.5376	0.29032257,117.33869,304.56985	0.32258064,157.45966,411.55908	0.32258064,157.45966,411.55908	0.32258064,157.45966,411.55908	0.32258064,157.45966,411.55908	0.3548387,197.58064,518.5484		End 03:50:47

Start 03:50:57	0.29032257,117.33869,304.56985	0.32258064,157.45966,411.55908	0.29032257,117.33869,304.56985	0.3548387,197.58064,518.5484	0.3548387,197.58064,518.5484	0.32258064,157.45966,411.55908	0.32258064,157.45966,411.55908	0.32258064,157.45966,411.55908	0.3548387,197.58064,518.5484	0.3548387,197.58064,518.5484	0.3548387,197.58064,518.5484	0.32258064,157.45966,411.55908	0.3548387,197.58064,518.5484	0.3548387,197.58064,518.5484	0.32258064,157.45966,411.55908	0.32258064,157.45966,411.55908	0.32258064,157.45966,411.55908	0.32258064,157.45966,411.55908	0.32258064,157.45966,411.55908	0.32258064,157.45966,411.55908		End 03:51:07

Start 03:51:25	0.2580645,77.217735,197.58063	0.2580645,77.217735,197.58063	0.29032257,117.33869,304.56985	0.2580645,77.217735,197.58063	0.29032257,117.33869,304.56985	0.29032257,117.33869,304.56985	0.29032257,117.33869,304.56985	0.29032257,117.33869,304.56985	0.29032257,117.33869,304.56985	0.29032257,117.33869,304.56985	0.29032257,117.33869,304.56985	0.29032257,117.33869,304.56985	0.29032257,117.33869,304.56985	0.29032257,117.33869,304.56985	0.29032257,117.33869,304.56985	0.29032257,117.33869,304.56985	0.29032257,117.33869,304.56985	0.29032257,117.33869,304.56985	0.29032257,117.33869,304.56985	0.29032257,117.33869,304.56985		End 03:51:35

Start 03:51:46	0.29032257,117.33869,304.56985	0.29032257,117.33869,304.56985	0.29032257,117.33869,304.56985	0.29032257,117.33869,304.56985	0.29032257,117.33869,304.56985	0.29032257,117.33869,304.56985	0.29032257,117.33869,304.56985	0.29032257,117.33869,304.56985	0.29032257,117.33869,304.56985	0.29032257,117.33869,304.56985	0.29032257,117.33869,304.56985	0.29032257,117.33869,304.56985	0.29032257,117.33869,304.56985	0.29032257,117.33869,304.56985	0.29032257,117.33869,304.56985	0.29032257,117.33869,304.56985	0.2580645,77.217735,197.58063	0.29032257,117.33869,304.56985	0.29032257,117.33869,304.56985	0.29032257,117.33869,304.56985		End 03:51:57

Start 03:52:06	0.29032257,117.33869,304.56985	0.29032257,117.33869,304.56985	0.29032257,117.33869,304.56985	0.29032257,117.33869,304.56985	0.2580645,77.217735,197.58063	0.29032257,117.33869,304.56985	0.29032257,117.33869,304.56985	0.29032257,117.33869,304.56985	0.29032257,117.33869,304.56985	0.2580645,77.217735,197.58063	0.29032257,117.33869,304.56985	0.2580645,77.217735,197.58063	0.29032257,117.33869,304.56985	0.2580645,77.217735,197.58063	0.29032257,117.33869,304.56985	0.29032257,117.33869,304.56985	0.29032257,117.33869,304.56985	0.29032257,117.33869,304.56985	0.29032257,117.33869,304.56985	0.29032257,117.33869,304.56985		End 03:52:16

Start 03:52:26	0.29032257,117.33869,304.56985	0.2580645,77.217735,197.58063	0.29032257,117.33869,304.56985	0.29032257,117.33869,304.56985	0.29032257,117.33869,304.56985	0.29032257,117.33869,304.56985	0.2580645,77.217735,197.58063	0.29032257,117.33869,304.56985	0.29032257,117.33869,304.56985	0.29032257,117.33869,304.56985	0.29032257,117.33869,304.56985	0.2580645,77.217735,197.58063	0.29032257,117.33869,304.56985	0.29032257,117.33869,304.56985	0.29032257,117.33869,304.56985	0.29032257,117.33869,304.56985	0.29032257,117.33869,304.56985	0.29032257,117.33869,304.56985	0.29032257,117.33869,304.56985	0.29032257,117.33869,304.56985		End 03:52:36

Start 03:52:47	0.29032257,117.33869,304.56985	0.29032257,117.33869,304.56985	0.29032257,117.33869,304.56985	0.29032257,117.33869,304.56985	0.29032257,117.33869,304.56985	0.29032257,117.33869,304.56985	0.29032257,117.33869,304.56985	0.29032257,117.33869,304.56985	0.2580645,77.217735,197.58063	0.29032257,117.33869,304.56985	0.29032257,117.33869,304.56985	0.29032257,117.33869,304.56985	0.29032257,117.33869,304.56985	0.2580645,77.217735,197.58063	0.2580645,77.217735,197.58063	0.29032257,117.33869,304.56985	0.29032257,117.33869,304.56985	0.29032257,117.33869,304.56985	0.29032257,117.33869,304.56985	0.29032257,117.33869,304.56985		End 03:52:57

Start 03:53:05	0.29032257,117.33869,304.56985	0.29032257,117.33869,304.56985	0.29032257,117.33869,304.56985	0.29032257,117.33869,304.56985	0.29032257,117.33869,304.56985	0.29032257,117.33869,304.56985	0.29032257,117.33869,304.56985	0.29032257,117.33869,304.56985	0.29032257,117.33869,304.56985	0.29032257,117.33869,304.56985	0.29032257,117.33869,304.56985	0.29032257,117.33869,304.56985	0.29032257,117.33869,304.56985	0.29032257,117.33869,304.56985	0.29032257,117.33869,304.56985	0.29032257,117.33869,304.56985	0.29032257,117.33869,304.56985	0.29032257,117.33869,304.56985	0.29032257,117.33869,304.56985		End 03:53:15

Start 03:53:25	0.38709676,237.7016,625.5376	0.38709676,237.7016,625.5376	0.61290324,518.5484,1000.0	0.3548387,197.58064,518.5484	0.38709676,237.7016,625.5376	0.38709676,237.7016,625.5376	0.38709676,237.7016,625.5376	0.38709676,237.7016,625.5376	0.38709676,237.7016,625.5376	0.3548387,197.58064,518.5484	0.38709676,237.7016,625.5376	0.3548387,197.58064,518.5484	0.38709676,237.7016,625.5376	0.38709676,237.7016,625.5376	0.3548387,197.58064,518.5484	0.38709676,237.7016,625.5376	0.38709676,237.7016,625.5376	0.38709676,237.7016,625.5376	0.38709676,237.7016,625.5376	0.38709676,237.7016,625.5376		End 03:53:35

Start 03:53:44	0.3548387,197.58064,518.5484	0.32258064,157.45966,411.55908	0.29032257,117.33869,304.56985	0.32258064,157.45966,411.55908	0.38709676,237.7016,625.5376	0.3548387,197.58064,518.5484	0.32258064,157.45966,411.55908	0.32258064,157.45966,411.55908	0.32258064,157.45966,411.55908	0.32258064,157.45966,411.55908	0.32258064,157.45966,411.55908	0.3548387,197.58064,518.5484	0.32258064,157.45966,411.55908	0.38709676,237.7016,625.5376	0.32258064,157.45966,411.55908	0.32258064,157.45966,411.55908	0.32258064,157.45966,411.55908	0.32258064,157.45966,411.55908	0.3548387,197.58064,518.5484		End 03:53:54

Start 03:54:01	0.32258064,157.45966,411.55908	0.32258064,157.45966,411.55908	0.32258064,157.45966,411.55908	0.32258064,157.45966,411.55908	0.32258064,157.45966,411.55908	0.32258064,157.45966,411.55908	0.38709676,237.7016,625.5376	0.3548387,197.58064,518.5484	0.38709676,237.7016,625.5376	0.38709676,237.7016,625.5376	0.32258064,157.45966,411.55908	0.32258064,157.45966,411.55908	0.32258064,157.45966,411.55908	0.32258064,157.45966,411.55908	0.38709676,237.7016,625.5376	0.3548387,197.58064,518.5484	0.38709676,237.7016,625.5376	0.32258064,157.45966,411.55908	0.32258064,157.45966,411.55908	0.3548387,197.58064,518.5484		End 03:54:11

End of File 15-11-2014 03:54:23