15-11-2014 03:39:11

Start 03:39:16	0.32258064,157.45966,411.55908	0.32258064,157.45966,411.55908	0.32258064,157.45966,411.55908	0.32258064,157.45966,411.55908	0.32258064,157.45966,411.55908	0.32258064,157.45966,411.55908	0.32258064,157.45966,411.55908	0.32258064,157.45966,411.55908	0.32258064,157.45966,411.55908	0.32258064,157.45966,411.55908	0.29032257,117.33869,304.56985	0.32258064,157.45966,411.55908	0.3548387,197.58064,518.5484	0.32258064,157.45966,411.55908	0.32258064,157.45966,411.55908	0.3548387,197.58064,518.5484	0.32258064,157.45966,411.55908	0.32258064,157.45966,411.55908	0.3548387,197.58064,518.5484	0.32258064,157.45966,411.55908		End 03:39:26

Start 03:39:53	0.2580645,77.217735,197.58063	0.29032257,117.33869,304.56985	0.29032257,117.33869,304.56985	0.29032257,117.33869,304.56985	0.29032257,117.33869,304.56985	0.29032257,117.33869,304.56985	0.29032257,117.33869,304.56985	0.29032257,117.33869,304.56985	0.29032257,117.33869,304.56985	0.29032257,117.33869,304.56985	0.29032257,117.33869,304.56985	0.29032257,117.33869,304.56985	0.2580645,77.217735,197.58063	0.2580645,77.217735,197.58063	0.29032257,117.33869,304.56985	0.29032257,117.33869,304.56985	0.29032257,117.33869,304.56985	0.29032257,117.33869,304.56985	0.29032257,117.33869,304.56985	0.29032257,117.33869,304.56985		End 03:40:03

Start 03:40:12	0.29032257,117.33869,304.56985	0.29032257,117.33869,304.56985	0.29032257,117.33869,304.56985	0.29032257,117.33869,304.56985	0.29032257,117.33869,304.56985	0.29032257,117.33869,304.56985	0.2580645,77.217735,197.58063	0.29032257,117.33869,304.56985	0.29032257,117.33869,304.56985	0.29032257,117.33869,304.56985	0.29032257,117.33869,304.56985	0.29032257,117.33869,304.56985	0.29032257,117.33869,304.56985	0.29032257,117.33869,304.56985	0.29032257,117.33869,304.56985	0.29032257,117.33869,304.56985	0.29032257,117.33869,304.56985	0.29032257,117.33869,304.56985	0.29032257,117.33869,304.56985		End 03:40:22

Start 03:40:30	0.29032257,117.33869,304.56985	0.29032257,117.33869,304.56985	0.29032257,117.33869,304.56985	0.29032257,117.33869,304.56985	0.29032257,117.33869,304.56985	0.29032257,117.33869,304.56985	0.29032257,117.33869,304.56985	0.2580645,77.217735,197.58063	0.29032257,117.33869,304.56985	0.29032257,117.33869,304.56985	0.29032257,117.33869,304.56985	0.29032257,117.33869,304.56985	0.29032257,117.33869,304.56985	0.29032257,117.33869,304.56985	0.29032257,117.33869,304.56985	0.29032257,117.33869,304.56985	0.2580645,77.217735,197.58063	0.29032257,117.33869,304.56985	0.29032257,117.33869,304.56985		End 03:40:40

Start 03:40:48	0.32258064,157.45966,411.55908	0.61290324,518.5484,1000.0	0.3548387,197.58064,518.5484	0.32258064,157.45966,411.55908	0.32258064,157.45966,411.55908	0.3548387,197.58064,518.5484	0.32258064,157.45966,411.55908	0.3548387,197.58064,518.5484	0.32258064,157.45966,411.55908	0.32258064,157.45966,411.55908	0.32258064,157.45966,411.55908	0.32258064,157.45966,411.55908	0.32258064,157.45966,411.55908	0.32258064,157.45966,411.55908	0.32258064,157.45966,411.55908	0.32258064,157.45966,411.55908	0.29032257,117.33869,304.56985	0.32258064,157.45966,411.55908	0.3548387,197.58064,518.5484	0.32258064,157.45966,411.55908		End 03:40:58

Start 03:41:05	0.29032257,117.33869,304.56985	0.29032257,117.33869,304.56985	0.29032257,117.33869,304.56985	0.29032257,117.33869,304.56985	0.29032257,117.33869,304.56985	0.29032257,117.33869,304.56985	0.29032257,117.33869,304.56985	0.29032257,117.33869,304.56985	0.29032257,117.33869,304.56985	0.2580645,77.217735,197.58063	0.29032257,117.33869,304.56985	0.29032257,117.33869,304.56985	0.29032257,117.33869,304.56985	0.29032257,117.33869,304.56985	0.29032257,117.33869,304.56985	0.29032257,117.33869,304.56985	0.29032257,117.33869,304.56985	0.29032257,117.33869,304.56985	0.29032257,117.33869,304.56985	0.29032257,117.33869,304.56985		End 03:41:15

Start 03:41:29	0.29032257,117.33869,304.56985	0.2580645,77.217735,197.58063	0.29032257,117.33869,304.56985	0.29032257,117.33869,304.56985	0.2580645,77.217735,197.58063	0.29032257,117.33869,304.56985	0.29032257,117.33869,304.56985	0.29032257,117.33869,304.56985	0.29032257,117.33869,304.56985	0.29032257,117.33869,304.56985	0.29032257,117.33869,304.56985	0.2580645,77.217735,197.58063	0.29032257,117.33869,304.56985	0.29032257,117.33869,304.56985	0.29032257,117.33869,304.56985	0.29032257,117.33869,304.56985	0.29032257,117.33869,304.56985	0.29032257,117.33869,304.56985	0.29032257,117.33869,304.56985		End 03:41:39

Start 03:41:48	0.29032257,117.33869,304.56985	0.29032257,117.33869,304.56985	0.29032257,117.33869,304.56985	0.29032257,117.33869,304.56985	0.2580645,77.217735,197.58063	0.29032257,117.33869,304.56985	0.29032257,117.33869,304.56985	0.29032257,117.33869,304.56985	0.29032257,117.33869,304.56985	0.29032257,117.33869,304.56985	0.29032257,117.33869,304.56985	0.29032257,117.33869,304.56985	0.29032257,117.33869,304.56985	0.29032257,117.33869,304.56985	0.29032257,117.33869,304.56985	0.29032257,117.33869,304.56985	0.29032257,117.33869,304.56985	0.29032257,117.33869,304.56985	0.29032257,117.33869,304.56985	0.29032257,117.33869,304.56985		End 03:41:58

Start 03:42:10	0.29032257,117.33869,304.56985	0.29032257,117.33869,304.56985	0.29032257,117.33869,304.56985	0.29032257,117.33869,304.56985	0.2580645,77.217735,197.58063	0.29032257,117.33869,304.56985	0.29032257,117.33869,304.56985	0.2580645,77.217735,197.58063	0.29032257,117.33869,304.56985	0.2580645,77.217735,197.58063	0.29032257,117.33869,304.56985	0.29032257,117.33869,304.56985	0.29032257,117.33869,304.56985	0.29032257,117.33869,304.56985	0.29032257,117.33869,304.56985	0.29032257,117.33869,304.56985	0.29032257,117.33869,304.56985	0.29032257,117.33869,304.56985	0.29032257,117.33869,304.56985	0.29032257,117.33869,304.56985		End 03:42:20

Start 03:42:29	0.29032257,117.33869,304.56985	0.29032257,117.33869,304.56985	0.29032257,117.33869,304.56985	0.29032257,117.33869,304.56985	0.29032257,117.33869,304.56985	0.2580645,77.217735,197.58063	0.29032257,117.33869,304.56985	0.2580645,77.217735,197.58063	0.29032257,117.33869,304.56985	0.29032257,117.33869,304.56985	0.29032257,117.33869,304.56985	0.29032257,117.33869,304.56985	0.29032257,117.33869,304.56985	0.29032257,117.33869,304.56985	0.2580645,77.217735,197.58063	0.29032257,117.33869,304.56985	0.29032257,117.33869,304.56985	0.29032257,117.33869,304.56985	0.29032257,117.33869,304.56985	0.29032257,117.33869,304.56985		End 03:42:39

Start 03:42:51	0.32258064,157.45966,411.55908	0.32258064,157.45966,411.55908	0.32258064,157.45966,411.55908	0.3548387,197.58064,518.5484	0.32258064,157.45966,411.55908	0.29032257,117.33869,304.56985	0.32258064,157.45966,411.55908	0.32258064,157.45966,411.55908	0.3548387,197.58064,518.5484	0.32258064,157.45966,411.55908	0.32258064,157.45966,411.55908	0.32258064,157.45966,411.55908	0.32258064,157.45966,411.55908	0.3548387,197.58064,518.5484	0.32258064,157.45966,411.55908	0.32258064,157.45966,411.55908	0.29032257,117.33869,304.56985	0.29032257,117.33869,304.56985	0.32258064,157.45966,411.55908		End 03:43:01

Start 03:43:07	0.38709676,237.7016,625.5376	0.3548387,197.58064,518.5484	0.38709676,237.7016,625.5376	0.38709676,237.7016,625.5376	0.38709676,237.7016,625.5376	0.3548387,197.58064,518.5484	0.38709676,237.7016,625.5376	0.3548387,197.58064,518.5484	0.38709676,237.7016,625.5376	0.38709676,237.7016,625.5376	0.38709676,237.7016,625.5376	0.38709676,237.7016,625.5376	0.38709676,237.7016,625.5376	0.3548387,197.58064,518.5484	0.38709676,237.7016,625.5376	0.38709676,237.7016,625.5376	0.38709676,237.7016,625.5376	0.38709676,237.7016,625.5376	0.38709676,237.7016,625.5376		End 03:43:17

End of File 15-11-2014 03:43:21