15-11-2014 03:34:06

Start 03:34:08	0.3548387,197.58064,518.5484	0.3548387,197.58064,518.5484	0.38709676,237.7016,625.5376	0.38709676,237.7016,625.5376	0.38709676,237.7016,625.5376	0.32258064,157.45966,411.55908	0.32258064,157.45966,411.55908	0.32258064,157.45966,411.55908	0.3548387,197.58064,518.5484	0.3548387,197.58064,518.5484	0.32258064,157.45966,411.55908	0.32258064,157.45966,411.55908	0.38709676,237.7016,625.5376	0.32258064,157.45966,411.55908	0.32258064,157.45966,411.55908	0.32258064,157.45966,411.55908	0.3548387,197.58064,518.5484	0.32258064,157.45966,411.55908	0.3548387,197.58064,518.5484		End 03:34:18

Start 03:34:24	0.29032257,117.33869,304.56985	0.3548387,197.58064,518.5484	0.32258064,157.45966,411.55908	0.32258064,157.45966,411.55908	0.32258064,157.45966,411.55908	0.32258064,157.45966,411.55908	0.3548387,197.58064,518.5484	0.32258064,157.45966,411.55908	0.32258064,157.45966,411.55908	0.32258064,157.45966,411.55908	0.32258064,157.45966,411.55908	0.32258064,157.45966,411.55908	0.3548387,197.58064,518.5484	0.3548387,197.58064,518.5484	0.32258064,157.45966,411.55908	0.32258064,157.45966,411.55908	0.32258064,157.45966,411.55908	0.32258064,157.45966,411.55908	0.32258064,157.45966,411.55908	0.32258064,157.45966,411.55908		End 03:34:34

Start 03:34:54	0.29032257,117.33869,304.56985	0.29032257,117.33869,304.56985	0.29032257,117.33869,304.56985	0.29032257,117.33869,304.56985	0.2580645,77.217735,197.58063	0.29032257,117.33869,304.56985	0.29032257,117.33869,304.56985	0.29032257,117.33869,304.56985	0.29032257,117.33869,304.56985	0.29032257,117.33869,304.56985	0.29032257,117.33869,304.56985	0.29032257,117.33869,304.56985	0.29032257,117.33869,304.56985	0.29032257,117.33869,304.56985	0.29032257,117.33869,304.56985	0.29032257,117.33869,304.56985	0.29032257,117.33869,304.56985	0.29032257,117.33869,304.56985	0.29032257,117.33869,304.56985	0.2580645,77.217735,197.58063		End 03:35:04

Start 03:35:12	0.29032257,117.33869,304.56985	0.29032257,117.33869,304.56985	0.29032257,117.33869,304.56985	0.29032257,117.33869,304.56985	0.29032257,117.33869,304.56985	0.29032257,117.33869,304.56985	0.29032257,117.33869,304.56985	0.29032257,117.33869,304.56985	0.29032257,117.33869,304.56985	0.29032257,117.33869,304.56985	0.2580645,77.217735,197.58063	0.29032257,117.33869,304.56985	0.29032257,117.33869,304.56985	0.29032257,117.33869,304.56985	0.29032257,117.33869,304.56985	0.29032257,117.33869,304.56985	0.29032257,117.33869,304.56985	0.29032257,117.33869,304.56985	0.2580645,77.217735,197.58063	0.29032257,117.33869,304.56985		End 03:35:22

Start 03:35:34	0.2580645,77.217735,197.58063	0.29032257,117.33869,304.56985	0.29032257,117.33869,304.56985	0.29032257,117.33869,304.56985	0.29032257,117.33869,304.56985	0.29032257,117.33869,304.56985	0.29032257,117.33869,304.56985	0.29032257,117.33869,304.56985	0.29032257,117.33869,304.56985	0.2580645,77.217735,197.58063	0.29032257,117.33869,304.56985	0.29032257,117.33869,304.56985	0.29032257,117.33869,304.56985	0.29032257,117.33869,304.56985	0.29032257,117.33869,304.56985	0.29032257,117.33869,304.56985	0.2580645,77.217735,197.58063	0.29032257,117.33869,304.56985	0.29032257,117.33869,304.56985	0.29032257,117.33869,304.56985		End 03:35:44

Start 03:35:51	0.3548387,197.58064,518.5484	0.3548387,197.58064,518.5484	0.3548387,197.58064,518.5484	0.38709676,237.7016,625.5376	0.38709676,237.7016,625.5376	0.38709676,237.7016,625.5376	0.38709676,237.7016,625.5376	0.38709676,237.7016,625.5376	0.3548387,197.58064,518.5484	0.38709676,237.7016,625.5376	0.38709676,237.7016,625.5376	0.38709676,237.7016,625.5376	0.38709676,237.7016,625.5376	0.38709676,237.7016,625.5376	0.38709676,237.7016,625.5376	0.38709676,237.7016,625.5376	0.38709676,237.7016,625.5376	0.3548387,197.58064,518.5484	0.38709676,237.7016,625.5376		End 03:36:01
0.38709676,237.7016,625.5376	
Start 03:36:14	0.32258064,157.45966,411.55908	0.32258064,157.45966,411.55908	0.32258064,157.45966,411.55908	0.32258064,157.45966,411.55908	0.32258064,157.45966,411.55908	0.32258064,157.45966,411.55908	0.3548387,197.58064,518.5484	0.32258064,157.45966,411.55908	0.32258064,157.45966,411.55908	0.32258064,157.45966,411.55908	0.32258064,157.45966,411.55908	0.32258064,157.45966,411.55908	0.32258064,157.45966,411.55908	0.32258064,157.45966,411.55908	0.32258064,157.45966,411.55908	0.32258064,157.45966,411.55908	0.32258064,157.45966,411.55908	0.3548387,197.58064,518.5484	0.29032257,117.33869,304.56985	0.3548387,197.58064,518.5484		End 03:36:24

Start 03:36:35	0.29032257,117.33869,304.56985	0.29032257,117.33869,304.56985	0.29032257,117.33869,304.56985	0.2580645,77.217735,197.58063	0.29032257,117.33869,304.56985	0.29032257,117.33869,304.56985	0.29032257,117.33869,304.56985	0.29032257,117.33869,304.56985	0.29032257,117.33869,304.56985	0.29032257,117.33869,304.56985	0.2580645,77.217735,197.58063	0.29032257,117.33869,304.56985	0.29032257,117.33869,304.56985	0.29032257,117.33869,304.56985	0.29032257,117.33869,304.56985	0.29032257,117.33869,304.56985	0.29032257,117.33869,304.56985	0.29032257,117.33869,304.56985	0.29032257,117.33869,304.56985	0.29032257,117.33869,304.56985		End 03:36:45

Start 03:36:53	0.29032257,117.33869,304.56985	0.29032257,117.33869,304.56985	0.29032257,117.33869,304.56985	0.29032257,117.33869,304.56985	0.29032257,117.33869,304.56985	0.29032257,117.33869,304.56985	0.2580645,77.217735,197.58063	0.29032257,117.33869,304.56985	0.29032257,117.33869,304.56985	0.29032257,117.33869,304.56985	0.29032257,117.33869,304.56985	0.29032257,117.33869,304.56985	0.29032257,117.33869,304.56985	0.29032257,117.33869,304.56985	0.29032257,117.33869,304.56985	0.29032257,117.33869,304.56985	0.29032257,117.33869,304.56985	0.29032257,117.33869,304.56985	0.29032257,117.33869,304.56985	0.29032257,117.33869,304.56985		End 03:37:03

Start 03:37:10	0.32258064,157.45966,411.55908	0.3548387,197.58064,518.5484	0.32258064,157.45966,411.55908	0.29032257,117.33869,304.56985	0.32258064,157.45966,411.55908	0.3548387,197.58064,518.5484	0.3548387,197.58064,518.5484	0.3548387,197.58064,518.5484	0.3548387,197.58064,518.5484	0.32258064,157.45966,411.55908	0.32258064,157.45966,411.55908	0.3548387,197.58064,518.5484	0.32258064,157.45966,411.55908	0.32258064,157.45966,411.55908	0.32258064,157.45966,411.55908	0.3548387,197.58064,518.5484	0.32258064,157.45966,411.55908	0.32258064,157.45966,411.55908	0.32258064,157.45966,411.55908	0.3548387,197.58064,518.5484		End 03:37:20

Start 03:37:33	0.38709676,237.7016,625.5376	0.38709676,237.7016,625.5376	0.3548387,197.58064,518.5484	0.38709676,237.7016,625.5376	0.38709676,237.7016,625.5376	0.3548387,197.58064,518.5484	0.38709676,237.7016,625.5376	0.38709676,237.7016,625.5376	0.3548387,197.58064,518.5484	0.38709676,237.7016,625.5376	0.38709676,237.7016,625.5376	0.38709676,237.7016,625.5376	0.3548387,197.58064,518.5484	0.38709676,237.7016,625.5376	0.38709676,237.7016,625.5376	0.38709676,237.7016,625.5376	0.3548387,197.58064,518.5484	0.38709676,237.7016,625.5376	0.3548387,197.58064,518.5484		End 03:37:43

Start 03:37:49	0.38709676,237.7016,625.5376	0.38709676,237.7016,625.5376	0.38709676,237.7016,625.5376	0.38709676,237.7016,625.5376	0.38709676,237.7016,625.5376	0.38709676,237.7016,625.5376	0.38709676,237.7016,625.5376	0.38709676,237.7016,625.5376	0.38709676,237.7016,625.5376	0.3548387,197.58064,518.5484	0.38709676,237.7016,625.5376	0.38709676,237.7016,625.5376	0.32258064,157.45966,411.55908	0.38709676,237.7016,625.5376	0.38709676,237.7016,625.5376	0.3548387,197.58064,518.5484	0.3548387,197.58064,518.5484	0.3548387,197.58064,518.5484	0.38709676,237.7016,625.5376		End 03:37:59

End of File 15-11-2014 03:38:06