15-11-2014 04:25:24

Start 04:25:29	0.2580645,77.217735,197.58063	0.22580644,37.096775,90.5914	0.2580645,77.217735,197.58063	0.2580645,77.217735,197.58063	0.2580645,77.217735,197.58063	0.2580645,77.217735,197.58063	0.2580645,77.217735,197.58063	0.2580645,77.217735,197.58063	0.2580645,77.217735,197.58063	0.2580645,77.217735,197.58063	0.2580645,77.217735,197.58063	0.2580645,77.217735,197.58063	0.2580645,77.217735,197.58063	0.2580645,77.217735,197.58063	0.2580645,77.217735,197.58063	0.2580645,77.217735,197.58063	0.22580644,37.096775,90.5914	0.2580645,77.217735,197.58063	0.2580645,77.217735,197.58063		End 04:25:39

Start 04:25:46	0.2580645,77.217735,197.58063	0.2580645,77.217735,197.58063	0.2580645,77.217735,197.58063	0.2580645,77.217735,197.58063	0.2580645,77.217735,197.58063	0.2580645,77.217735,197.58063	0.2580645,77.217735,197.58063	0.2580645,77.217735,197.58063	0.2580645,77.217735,197.58063	0.22580644,37.096775,90.5914	0.2580645,77.217735,197.58063	0.22580644,37.096775,90.5914	0.2580645,77.217735,197.58063	0.2580645,77.217735,197.58063	0.22580644,37.096775,90.5914	0.2580645,77.217735,197.58063	0.2580645,77.217735,197.58063	0.22580644,37.096775,90.5914	0.2580645,77.217735,197.58063	0.2580645,77.217735,197.58063		End 04:25:56

Start 04:26:07	0.22580644,37.096775,90.5914	0.2580645,77.217735,197.58063	0.2580645,77.217735,197.58063	0.2580645,77.217735,197.58063	0.2580645,77.217735,197.58063	0.2580645,77.217735,197.58063	0.2580645,77.217735,197.58063	0.2580645,77.217735,197.58063	0.2580645,77.217735,197.58063	0.2580645,77.217735,197.58063	0.2580645,77.217735,197.58063	0.22580644,37.096775,90.5914	0.2580645,77.217735,197.58063	0.2580645,77.217735,197.58063	0.2580645,77.217735,197.58063	0.2580645,77.217735,197.58063	0.2580645,77.217735,197.58063	0.22580644,37.096775,90.5914	0.2580645,77.217735,197.58063		End 04:26:17

Start 04:26:23	0.2580645,77.217735,197.58063	0.2580645,77.217735,197.58063	0.2580645,77.217735,197.58063	0.2580645,77.217735,197.58063	0.2580645,77.217735,197.58063	0.2580645,77.217735,197.58063	0.2580645,77.217735,197.58063	0.2580645,77.217735,197.58063	0.2580645,77.217735,197.58063	0.2580645,77.217735,197.58063	0.2580645,77.217735,197.58063	0.2580645,77.217735,197.58063	0.2580645,77.217735,197.58063	0.2580645,77.217735,197.58063	0.2580645,77.217735,197.58063	0.2580645,77.217735,197.58063	0.2580645,77.217735,197.58063	0.2580645,77.217735,197.58063	0.2580645,77.217735,197.58063		End 04:26:33

Start 04:26:38	0.2580645,77.217735,197.58063	0.2580645,77.217735,197.58063	0.22580644,37.096775,90.5914	0.2580645,77.217735,197.58063	0.2580645,77.217735,197.58063	0.2580645,77.217735,197.58063	0.2580645,77.217735,197.58063	0.2580645,77.217735,197.58063	0.2580645,77.217735,197.58063	0.2580645,77.217735,197.58063	0.2580645,77.217735,197.58063	0.2580645,77.217735,197.58063	0.2580645,77.217735,197.58063	0.2580645,77.217735,197.58063	0.2580645,77.217735,197.58063	0.2580645,77.217735,197.58063	0.2580645,77.217735,197.58063	0.2580645,77.217735,197.58063	0.2580645,77.217735,197.58063		End 04:26:48

Start 04:26:58	0.19354838,5.0,5.0	0.19354838,5.0,5.0	0.19354838,5.0,5.0	0.19354838,5.0,5.0	0.19354838,5.0,5.0	0.19354838,5.0,5.0	0.19354838,5.0,5.0	0.19354838,5.0,5.0	0.19354838,5.0,5.0	0.16129032,5.0,5.0	0.19354838,5.0,5.0	0.19354838,5.0,5.0	0.19354838,5.0,5.0	0.19354838,5.0,5.0	0.16129032,5.0,5.0	0.16129032,5.0,5.0	0.16129032,5.0,5.0	0.19354838,5.0,5.0	0.19354838,5.0,5.0		End 04:27:08

Start 04:27:14	0.2580645,77.217735,197.58063	0.22580644,37.096775,90.5914	0.2580645,77.217735,197.58063	0.2580645,77.217735,197.58063	0.2580645,77.217735,197.58063	0.2580645,77.217735,197.58063	0.2580645,77.217735,197.58063	0.2580645,77.217735,197.58063	0.2580645,77.217735,197.58063	0.2580645,77.217735,197.58063	0.2580645,77.217735,197.58063	0.2580645,77.217735,197.58063	0.2580645,77.217735,197.58063	0.2580645,77.217735,197.58063	0.2580645,77.217735,197.58063	0.2580645,77.217735,197.58063	0.2580645,77.217735,197.58063	0.516129,398.18546,1000.0	0.2580645,77.217735,197.58063	0.2580645,77.217735,197.58063		End 04:27:24

Start 04:27:31	0.2580645,77.217735,197.58063	0.2580645,77.217735,197.58063	0.2580645,77.217735,197.58063	0.2580645,77.217735,197.58063	0.2580645,77.217735,197.58063	0.2580645,77.217735,197.58063	0.22580644,37.096775,90.5914	0.2580645,77.217735,197.58063	0.2580645,77.217735,197.58063	0.2580645,77.217735,197.58063	0.2580645,77.217735,197.58063	0.2580645,77.217735,197.58063	0.2580645,77.217735,197.58063	0.22580644,37.096775,90.5914	0.2580645,77.217735,197.58063	0.22580644,37.096775,90.5914	0.2580645,77.217735,197.58063	0.2580645,77.217735,197.58063	0.2580645,77.217735,197.58063	0.2580645,77.217735,197.58063		End 04:27:41

Start 04:27:48	0.2580645,77.217735,197.58063	0.2580645,77.217735,197.58063	0.2580645,77.217735,197.58063	0.2580645,77.217735,197.58063	0.2580645,77.217735,197.58063	0.22580644,37.096775,90.5914	0.2580645,77.217735,197.58063	0.2580645,77.217735,197.58063	0.2580645,77.217735,197.58063	0.2580645,77.217735,197.58063	0.2580645,77.217735,197.58063	0.2580645,77.217735,197.58063	0.22580644,37.096775,90.5914	0.516129,398.18546,1000.0	0.2580645,77.217735,197.58063	0.2580645,77.217735,197.58063	0.22580644,37.096775,90.5914	0.2580645,77.217735,197.58063	0.2580645,77.217735,197.58063	0.22580644,37.096775,90.5914		End 04:27:58

Start 04:28:06	0.22580644,37.096775,90.5914	0.2580645,77.217735,197.58063	0.2580645,77.217735,197.58063	0.2580645,77.217735,197.58063	0.22580644,37.096775,90.5914	0.2580645,77.217735,197.58063	0.2580645,77.217735,197.58063	0.2580645,77.217735,197.58063	0.2580645,77.217735,197.58063	0.2580645,77.217735,197.58063	0.2580645,77.217735,197.58063	0.2580645,77.217735,197.58063	0.2580645,77.217735,197.58063	0.22580644,37.096775,90.5914	0.2580645,77.217735,197.58063	0.2580645,77.217735,197.58063	0.2580645,77.217735,197.58063	0.2580645,77.217735,197.58063	0.2580645,77.217735,197.58063		End 04:28:16

Start 04:28:22	0.2580645,77.217735,197.58063	0.2580645,77.217735,197.58063	0.2580645,77.217735,197.58063	0.2580645,77.217735,197.58063	0.2580645,77.217735,197.58063	0.22580644,37.096775,90.5914	0.2580645,77.217735,197.58063	0.22580644,37.096775,90.5914	0.2580645,77.217735,197.58063	0.2580645,77.217735,197.58063	0.2580645,77.217735,197.58063	0.2580645,77.217735,197.58063	0.2580645,77.217735,197.58063	0.2580645,77.217735,197.58063	0.2580645,77.217735,197.58063	0.2580645,77.217735,197.58063	0.2580645,77.217735,197.58063	0.2580645,77.217735,197.58063	0.2580645,77.217735,197.58063		End 04:28:32

Start 04:28:40	0.2580645,77.217735,197.58063	0.2580645,77.217735,197.58063	0.2580645,77.217735,197.58063	0.2580645,77.217735,197.58063	0.2580645,77.217735,197.58063	0.2580645,77.217735,197.58063	0.2580645,77.217735,197.58063	0.2580645,77.217735,197.58063	0.2580645,77.217735,197.58063	0.2580645,77.217735,197.58063	0.2580645,77.217735,197.58063	0.2580645,77.217735,197.58063	0.2580645,77.217735,197.58063	0.2580645,77.217735,197.58063	0.2580645,77.217735,197.58063	0.2580645,77.217735,197.58063	0.2580645,77.217735,197.58063	0.2580645,77.217735,197.58063	0.2580645,77.217735,197.58063	0.2580645,77.217735,197.58063		End 04:28:50

End of File 15-11-2014 04:28:57