15-11-2014 04:05:42

Start 04:06:02	0.22580644,37.096775,90.5914	0.2580645,77.217735,197.58063	0.2580645,77.217735,197.58063	0.2580645,77.217735,197.58063	0.2580645,77.217735,197.58063	0.2580645,77.217735,197.58063	0.2580645,77.217735,197.58063	0.2580645,77.217735,197.58063	0.2580645,77.217735,197.58063	0.2580645,77.217735,197.58063	0.2580645,77.217735,197.58063	0.2580645,77.217735,197.58063	0.2580645,77.217735,197.58063	0.22580644,37.096775,90.5914	0.2580645,77.217735,197.58063	0.22580644,37.096775,90.5914	0.2580645,77.217735,197.58063	0.2580645,77.217735,197.58063	0.2580645,77.217735,197.58063	0.2580645,77.217735,197.58063		End 04:06:12

Start 04:06:26	0.2580645,77.217735,197.58063	0.2580645,77.217735,197.58063	0.2580645,77.217735,197.58063	0.2580645,77.217735,197.58063	0.2580645,77.217735,197.58063	0.2580645,77.217735,197.58063	0.2580645,77.217735,197.58063	0.2580645,77.217735,197.58063	0.2580645,77.217735,197.58063	0.2580645,77.217735,197.58063	0.22580644,37.096775,90.5914	0.2580645,77.217735,197.58063	0.2580645,77.217735,197.58063	0.2580645,77.217735,197.58063	0.2580645,77.217735,197.58063	0.2580645,77.217735,197.58063	0.2580645,77.217735,197.58063	0.22580644,37.096775,90.5914	0.2580645,77.217735,197.58063		End 04:06:36

Start 04:06:43	0.22580644,37.096775,90.5914	0.2580645,77.217735,197.58063	0.2580645,77.217735,197.58063	0.2580645,77.217735,197.58063	0.2580645,77.217735,197.58063	0.2580645,77.217735,197.58063	0.2580645,77.217735,197.58063	0.2580645,77.217735,197.58063	0.2580645,77.217735,197.58063	0.2580645,77.217735,197.58063	0.2580645,77.217735,197.58063	0.2580645,77.217735,197.58063	0.2580645,77.217735,197.58063	0.2580645,77.217735,197.58063	0.2580645,77.217735,197.58063	0.2580645,77.217735,197.58063	0.2580645,77.217735,197.58063	0.22580644,37.096775,90.5914	0.2580645,77.217735,197.58063	0.2580645,77.217735,197.58063		End 04:06:53

Start 04:07:00	0.2580645,77.217735,197.58063	0.2580645,77.217735,197.58063	0.22580644,37.096775,90.5914	0.22580644,37.096775,90.5914	0.2580645,77.217735,197.58063	0.516129,398.18546,1000.0	0.22580644,37.096775,90.5914	0.22580644,37.096775,90.5914	0.2580645,77.217735,197.58063	0.2580645,77.217735,197.58063	0.2580645,77.217735,197.58063	0.2580645,77.217735,197.58063	0.22580644,37.096775,90.5914	0.2580645,77.217735,197.58063	0.2580645,77.217735,197.58063	0.22580644,37.096775,90.5914	0.2580645,77.217735,197.58063	0.2580645,77.217735,197.58063	0.2580645,77.217735,197.58063	0.2580645,77.217735,197.58063		End 04:07:10

Start 04:07:17	0.67741936,598.79034,1000.0	0.67741936,598.79034,1000.0	0.67741936,598.79034,1000.0	0.67741936,598.79034,1000.0	0.67741936,598.79034,1000.0	0.67741936,598.79034,1000.0	0.67741936,598.79034,1000.0	0.67741936,598.79034,1000.0	0.6451613,558.6693,1000.0	0.6451613,558.6693,1000.0	0.67741936,598.79034,1000.0	0.67741936,598.79034,1000.0	0.6451613,558.6693,1000.0	0.6451613,558.6693,1000.0	0.6451613,558.6693,1000.0	0.67741936,598.79034,1000.0	0.67741936,598.79034,1000.0	0.6451613,558.6693,1000.0	0.67741936,598.79034,1000.0		End 04:07:27

Start 04:07:34	0.67741936,598.79034,1000.0	0.67741936,598.79034,1000.0	0.67741936,598.79034,1000.0	0.6451613,558.6693,1000.0	0.6451613,558.6693,1000.0	0.67741936,598.79034,1000.0	0.6451613,558.6693,1000.0	0.67741936,598.79034,1000.0	0.67741936,598.79034,1000.0	0.67741936,598.79034,1000.0	0.6451613,558.6693,1000.0	0.6451613,558.6693,1000.0	0.67741936,598.79034,1000.0	0.67741936,598.79034,1000.0	0.6451613,558.6693,1000.0	0.67741936,598.79034,1000.0	0.6451613,558.6693,1000.0	0.67741936,598.79034,1000.0	0.67741936,598.79034,1000.0	0.67741936,598.79034,1000.0		End 04:07:44

Start 04:07:53	0.8387097,799.39526,1000.0	0.8387097,799.39526,1000.0	0.8387097,799.39526,1000.0	0.8064517,759.2743,1000.0	0.8387097,799.39526,1000.0	0.87096775,839.5162,1000.0	0.8387097,799.39526,1000.0	0.8387097,799.39526,1000.0	0.8387097,799.39526,1000.0	0.87096775,839.5162,1000.0	0.8064517,759.2743,1000.0	0.8064517,759.2743,1000.0	0.87096775,839.5162,1000.0	0.8387097,799.39526,1000.0	0.8064517,759.2743,1000.0	0.8387097,799.39526,1000.0	0.8387097,799.39526,1000.0	0.8387097,799.39526,1000.0	0.8387097,799.39526,1000.0	0.8387097,799.39526,1000.0		End 04:08:03

Start 04:08:11	0.2580645,77.217735,197.58063	0.2580645,77.217735,197.58063	0.2580645,77.217735,197.58063	0.2580645,77.217735,197.58063	0.2580645,77.217735,197.58063	0.2580645,77.217735,197.58063	0.2580645,77.217735,197.58063	0.2580645,77.217735,197.58063	0.2580645,77.217735,197.58063	0.2580645,77.217735,197.58063	0.2580645,77.217735,197.58063	0.2580645,77.217735,197.58063	0.2580645,77.217735,197.58063	0.2580645,77.217735,197.58063	0.2580645,77.217735,197.58063	0.2580645,77.217735,197.58063	0.2580645,77.217735,197.58063	0.22580644,37.096775,90.5914	0.2580645,77.217735,197.58063		End 04:08:21

Start 04:08:28	0.2580645,77.217735,197.58063	0.2580645,77.217735,197.58063	0.516129,398.18546,1000.0	0.2580645,77.217735,197.58063	0.2580645,77.217735,197.58063	0.22580644,37.096775,90.5914	0.2580645,77.217735,197.58063	0.22580644,37.096775,90.5914	0.2580645,77.217735,197.58063	0.2580645,77.217735,197.58063	0.2580645,77.217735,197.58063	0.2580645,77.217735,197.58063	0.2580645,77.217735,197.58063	0.22580644,37.096775,90.5914	0.2580645,77.217735,197.58063	0.2580645,77.217735,197.58063	0.2580645,77.217735,197.58063	0.2580645,77.217735,197.58063	0.2580645,77.217735,197.58063		End 04:08:38

Start 04:08:45	0.2580645,77.217735,197.58063	0.2580645,77.217735,197.58063	0.2580645,77.217735,197.58063	0.2580645,77.217735,197.58063	0.2580645,77.217735,197.58063	0.2580645,77.217735,197.58063	0.2580645,77.217735,197.58063	0.22580644,37.096775,90.5914	0.2580645,77.217735,197.58063	0.2580645,77.217735,197.58063	0.2580645,77.217735,197.58063	0.2580645,77.217735,197.58063	0.2580645,77.217735,197.58063	0.2580645,77.217735,197.58063	0.2580645,77.217735,197.58063	0.2580645,77.217735,197.58063	0.2580645,77.217735,197.58063	0.2580645,77.217735,197.58063	0.2580645,77.217735,197.58063	0.2580645,77.217735,197.58063		End 04:08:55

Start 04:09:02	0.2580645,77.217735,197.58063	0.2580645,77.217735,197.58063	0.2580645,77.217735,197.58063	0.2580645,77.217735,197.58063	0.2580645,77.217735,197.58063	0.2580645,77.217735,197.58063	0.2580645,77.217735,197.58063	0.2580645,77.217735,197.58063	0.2580645,77.217735,197.58063	0.2580645,77.217735,197.58063	0.2580645,77.217735,197.58063	0.2580645,77.217735,197.58063	0.2580645,77.217735,197.58063	0.2580645,77.217735,197.58063	0.22580644,37.096775,90.5914	0.2580645,77.217735,197.58063	0.516129,398.18546,1000.0	0.2580645,77.217735,197.58063	0.2580645,77.217735,197.58063		End 04:09:12

Start 04:09:20	0.2580645,77.217735,197.58063	0.2580645,77.217735,197.58063	0.2580645,77.217735,197.58063	0.22580644,37.096775,90.5914	0.2580645,77.217735,197.58063	0.2580645,77.217735,197.58063	0.2580645,77.217735,197.58063	0.2580645,77.217735,197.58063	0.2580645,77.217735,197.58063	0.2580645,77.217735,197.58063	0.2580645,77.217735,197.58063	0.2580645,77.217735,197.58063	0.2580645,77.217735,197.58063	0.2580645,77.217735,197.58063	0.2580645,77.217735,197.58063	0.2580645,77.217735,197.58063	0.2580645,77.217735,197.58063	0.516129,398.18546,1000.0	0.2580645,77.217735,197.58063		End 04:09:30

End of File 15-11-2014 04:09:37