15-11-2014 04:10:33

Start 04:11:07	0.2580645,77.217735,197.58063	0.2580645,77.217735,197.58063	0.2580645,77.217735,197.58063	0.2580645,77.217735,197.58063	0.22580644,37.096775,90.5914	0.22580644,37.096775,90.5914	0.2580645,77.217735,197.58063	0.2580645,77.217735,197.58063	0.2580645,77.217735,197.58063	0.2580645,77.217735,197.58063	0.2580645,77.217735,197.58063	0.2580645,77.217735,197.58063	0.2580645,77.217735,197.58063	0.2580645,77.217735,197.58063	0.2580645,77.217735,197.58063	0.22580644,37.096775,90.5914	0.22580644,37.096775,90.5914	0.2580645,77.217735,197.58063	0.2580645,77.217735,197.58063	0.2580645,77.217735,197.58063		End 04:11:17

Start 04:11:26	0.2580645,77.217735,197.58063	0.2580645,77.217735,197.58063	0.2580645,77.217735,197.58063	0.22580644,37.096775,90.5914	0.2580645,77.217735,197.58063	0.516129,398.18546,1000.0	0.2580645,77.217735,197.58063	0.2580645,77.217735,197.58063	0.2580645,77.217735,197.58063	0.2580645,77.217735,197.58063	0.2580645,77.217735,197.58063	0.2580645,77.217735,197.58063	0.2580645,77.217735,197.58063	0.22580644,37.096775,90.5914	0.2580645,77.217735,197.58063	0.2580645,77.217735,197.58063	0.2580645,77.217735,197.58063	0.2580645,77.217735,197.58063	0.2580645,77.217735,197.58063		End 04:11:36

Start 04:11:42	0.2580645,77.217735,197.58063	0.2580645,77.217735,197.58063	0.2580645,77.217735,197.58063	0.2580645,77.217735,197.58063	0.2580645,77.217735,197.58063	0.2580645,77.217735,197.58063	0.2580645,77.217735,197.58063	0.2580645,77.217735,197.58063	0.2580645,77.217735,197.58063	0.2580645,77.217735,197.58063	0.2580645,77.217735,197.58063	0.2580645,77.217735,197.58063	0.2580645,77.217735,197.58063	0.2580645,77.217735,197.58063	0.2580645,77.217735,197.58063	0.22580644,37.096775,90.5914	0.2580645,77.217735,197.58063	0.2580645,77.217735,197.58063	0.2580645,77.217735,197.58063		End 04:11:52

Start 04:11:58	0.22580644,37.096775,90.5914	0.22580644,37.096775,90.5914	0.22580644,37.096775,90.5914	0.22580644,37.096775,90.5914	0.22580644,37.096775,90.5914	0.22580644,37.096775,90.5914	0.22580644,37.096775,90.5914	0.22580644,37.096775,90.5914	0.22580644,37.096775,90.5914	0.22580644,37.096775,90.5914	0.22580644,37.096775,90.5914	0.22580644,37.096775,90.5914	0.22580644,37.096775,90.5914	0.22580644,37.096775,90.5914	0.22580644,37.096775,90.5914	0.22580644,37.096775,90.5914	0.22580644,37.096775,90.5914	0.22580644,37.096775,90.5914	0.22580644,37.096775,90.5914	0.22580644,37.096775,90.5914		End 04:12:08

Start 04:12:15	0.12903225,5.0,5.0	0.16129032,5.0,5.0	0.19354838,5.0,5.0	0.19354838,5.0,5.0	0.19354838,5.0,5.0	0.19354838,5.0,5.0	0.19354838,5.0,5.0	0.19354838,5.0,5.0	0.19354838,5.0,5.0	0.16129032,5.0,5.0	0.12903225,5.0,5.0	0.19354838,5.0,5.0	0.19354838,5.0,5.0	0.19354838,5.0,5.0	0.12903225,5.0,5.0	0.19354838,5.0,5.0	0.16129032,5.0,5.0	0.19354838,5.0,5.0	0.19354838,5.0,5.0		End 04:12:25

Start 04:12:33	0.19354838,5.0,5.0	0.19354838,5.0,5.0	0.19354838,5.0,5.0	0.19354838,5.0,5.0	0.19354838,5.0,5.0	0.16129032,5.0,5.0	0.19354838,5.0,5.0	0.19354838,5.0,5.0	0.19354838,5.0,5.0	0.19354838,5.0,5.0	0.12903225,5.0,5.0	0.19354838,5.0,5.0	0.19354838,5.0,5.0	0.19354838,5.0,5.0	0.19354838,5.0,5.0	0.19354838,5.0,5.0	0.19354838,5.0,5.0	0.16129032,5.0,5.0	0.16129032,5.0,5.0	0.16129032,5.0,5.0		End 04:12:43

Start 04:12:51	0.19354838,5.0,5.0	0.19354838,5.0,5.0	0.19354838,5.0,5.0	0.19354838,5.0,5.0	0.19354838,5.0,5.0	0.19354838,5.0,5.0	0.19354838,5.0,5.0	0.19354838,5.0,5.0	0.19354838,5.0,5.0	0.19354838,5.0,5.0	0.19354838,5.0,5.0	0.19354838,5.0,5.0	0.19354838,5.0,5.0	0.19354838,5.0,5.0	0.19354838,5.0,5.0	0.16129032,5.0,5.0	0.19354838,5.0,5.0	0.19354838,5.0,5.0	0.16129032,5.0,5.0	0.19354838,5.0,5.0		End 04:13:01

Start 04:13:12	0.19354838,5.0,5.0	0.16129032,5.0,5.0	0.19354838,5.0,5.0	0.19354838,5.0,5.0	0.12903225,5.0,5.0	0.19354838,5.0,5.0	0.19354838,5.0,5.0	0.19354838,5.0,5.0	0.19354838,5.0,5.0	0.19354838,5.0,5.0	0.16129032,5.0,5.0	0.19354838,5.0,5.0	0.19354838,5.0,5.0	0.19354838,5.0,5.0	0.19354838,5.0,5.0	0.19354838,5.0,5.0	0.19354838,5.0,5.0	0.19354838,5.0,5.0	0.19354838,5.0,5.0	0.19354838,5.0,5.0		End 04:13:22

Start 04:13:28	0.22580644,37.096775,90.5914	0.2580645,77.217735,197.58063	0.2580645,77.217735,197.58063	0.2580645,77.217735,197.58063	0.2580645,77.217735,197.58063	0.22580644,37.096775,90.5914	0.2580645,77.217735,197.58063	0.2580645,77.217735,197.58063	0.2580645,77.217735,197.58063	0.2580645,77.217735,197.58063	0.2580645,77.217735,197.58063	0.2580645,77.217735,197.58063	0.22580644,37.096775,90.5914	0.2580645,77.217735,197.58063	0.2580645,77.217735,197.58063	0.2580645,77.217735,197.58063	0.22580644,37.096775,90.5914	0.2580645,77.217735,197.58063	0.2580645,77.217735,197.58063	0.2580645,77.217735,197.58063		End 04:13:38

Start 04:13:44	0.2580645,77.217735,197.58063	0.2580645,77.217735,197.58063	0.22580644,37.096775,90.5914	0.2580645,77.217735,197.58063	0.2580645,77.217735,197.58063	0.2580645,77.217735,197.58063	0.22580644,37.096775,90.5914	0.2580645,77.217735,197.58063	0.2580645,77.217735,197.58063	0.2580645,77.217735,197.58063	0.2580645,77.217735,197.58063	0.2580645,77.217735,197.58063	0.2580645,77.217735,197.58063	0.2580645,77.217735,197.58063	0.2580645,77.217735,197.58063	0.2580645,77.217735,197.58063	0.2580645,77.217735,197.58063	0.2580645,77.217735,197.58063	0.2580645,77.217735,197.58063	0.2580645,77.217735,197.58063		End 04:13:54

Start 04:13:59	0.22580644,37.096775,90.5914	0.2580645,77.217735,197.58063	0.22580644,37.096775,90.5914	0.2580645,77.217735,197.58063	0.2580645,77.217735,197.58063	0.2580645,77.217735,197.58063	0.2580645,77.217735,197.58063	0.2580645,77.217735,197.58063	0.2580645,77.217735,197.58063	0.2580645,77.217735,197.58063	0.2580645,77.217735,197.58063	0.2580645,77.217735,197.58063	0.2580645,77.217735,197.58063	0.2580645,77.217735,197.58063	0.2580645,77.217735,197.58063	0.2580645,77.217735,197.58063	0.22580644,37.096775,90.5914	0.2580645,77.217735,197.58063	0.22580644,37.096775,90.5914		End 04:14:09

Start 04:14:14	0.2580645,77.217735,197.58063	0.2580645,77.217735,197.58063	0.2580645,77.217735,197.58063	0.2580645,77.217735,197.58063	0.2580645,77.217735,197.58063	0.2580645,77.217735,197.58063	0.2580645,77.217735,197.58063	0.2580645,77.217735,197.58063	0.2580645,77.217735,197.58063	0.2580645,77.217735,197.58063	0.2580645,77.217735,197.58063	0.2580645,77.217735,197.58063	0.2580645,77.217735,197.58063	0.2580645,77.217735,197.58063	0.2580645,77.217735,197.58063	0.2580645,77.217735,197.58063	0.2580645,77.217735,197.58063	0.2580645,77.217735,197.58063	0.2580645,77.217735,197.58063	0.2580645,77.217735,197.58063		End 04:14:24

End of File 15-11-2014 04:14:29