15-11-2014 04:15:56

Start 04:16:04	0.2580645,77.217735,197.58063	0.2580645,77.217735,197.58063	0.2580645,77.217735,197.58063	0.2580645,77.217735,197.58063	0.22580644,37.096775,90.5914	0.2580645,77.217735,197.58063	0.2580645,77.217735,197.58063	0.2580645,77.217735,197.58063	0.22580644,37.096775,90.5914	0.2580645,77.217735,197.58063	0.2580645,77.217735,197.58063	0.22580644,37.096775,90.5914	0.2580645,77.217735,197.58063	0.2580645,77.217735,197.58063	0.2580645,77.217735,197.58063	0.22580644,37.096775,90.5914	0.2580645,77.217735,197.58063	0.2580645,77.217735,197.58063	0.2580645,77.217735,197.58063		End 04:16:14

Start 04:16:21	0.2580645,77.217735,197.58063	0.2580645,77.217735,197.58063	0.2580645,77.217735,197.58063	0.2580645,77.217735,197.58063	0.2580645,77.217735,197.58063	0.2580645,77.217735,197.58063	0.2580645,77.217735,197.58063	0.2580645,77.217735,197.58063	0.2580645,77.217735,197.58063	0.2580645,77.217735,197.58063	0.2580645,77.217735,197.58063	0.2580645,77.217735,197.58063	0.2580645,77.217735,197.58063	0.2580645,77.217735,197.58063	0.2580645,77.217735,197.58063	0.2580645,77.217735,197.58063	0.2580645,77.217735,197.58063	0.2580645,77.217735,197.58063	0.2580645,77.217735,197.58063		End 04:16:31

Start 04:16:38	0.22580644,37.096775,90.5914	0.19354838,5.0,5.0	0.22580644,37.096775,90.5914	0.4516129,317.94354,839.5161	0.22580644,37.096775,90.5914	0.22580644,37.096775,90.5914	0.22580644,37.096775,90.5914	0.22580644,37.096775,90.5914	0.22580644,37.096775,90.5914	0.22580644,37.096775,90.5914	0.22580644,37.096775,90.5914	0.22580644,37.096775,90.5914	0.22580644,37.096775,90.5914	0.22580644,37.096775,90.5914	0.22580644,37.096775,90.5914	0.22580644,37.096775,90.5914	0.22580644,37.096775,90.5914	0.19354838,5.0,5.0	0.22580644,37.096775,90.5914	0.22580644,37.096775,90.5914		End 04:16:49

Start 04:17:02	0.22580644,37.096775,90.5914	0.22580644,37.096775,90.5914	0.22580644,37.096775,90.5914	0.22580644,37.096775,90.5914	0.22580644,37.096775,90.5914	0.22580644,37.096775,90.5914	0.22580644,37.096775,90.5914	0.22580644,37.096775,90.5914	0.22580644,37.096775,90.5914	0.22580644,37.096775,90.5914	0.22580644,37.096775,90.5914	0.22580644,37.096775,90.5914	0.22580644,37.096775,90.5914	0.22580644,37.096775,90.5914	0.22580644,37.096775,90.5914	0.19354838,5.0,5.0	0.22580644,37.096775,90.5914	0.22580644,37.096775,90.5914	0.22580644,37.096775,90.5914		End 04:17:12

Start 04:17:20	0.2580645,77.217735,197.58063	0.2580645,77.217735,197.58063	0.2580645,77.217735,197.58063	0.22580644,37.096775,90.5914	0.2580645,77.217735,197.58063	0.2580645,77.217735,197.58063	0.2580645,77.217735,197.58063	0.2580645,77.217735,197.58063	0.22580644,37.096775,90.5914	0.2580645,77.217735,197.58063	0.2580645,77.217735,197.58063	0.2580645,77.217735,197.58063	0.2580645,77.217735,197.58063	0.2580645,77.217735,197.58063	0.2580645,77.217735,197.58063	0.2580645,77.217735,197.58063	0.2580645,77.217735,197.58063	0.2580645,77.217735,197.58063	0.22580644,37.096775,90.5914	0.2580645,77.217735,197.58063		End 04:17:30

Start 04:17:40	0.22580644,37.096775,90.5914	0.22580644,37.096775,90.5914	0.22580644,37.096775,90.5914	0.22580644,37.096775,90.5914	0.22580644,37.096775,90.5914	0.22580644,37.096775,90.5914	0.22580644,37.096775,90.5914	0.22580644,37.096775,90.5914	0.19354838,5.0,5.0	0.22580644,37.096775,90.5914	0.22580644,37.096775,90.5914	0.22580644,37.096775,90.5914	0.22580644,37.096775,90.5914	0.22580644,37.096775,90.5914	0.22580644,37.096775,90.5914	0.22580644,37.096775,90.5914	0.22580644,37.096775,90.5914	0.22580644,37.096775,90.5914	0.22580644,37.096775,90.5914	0.22580644,37.096775,90.5914		End 04:17:50

Start 04:17:57	0.19354838,5.0,5.0	0.19354838,5.0,5.0	0.19354838,5.0,5.0	0.16129032,5.0,5.0	0.19354838,5.0,5.0	0.19354838,5.0,5.0	0.16129032,5.0,5.0	0.19354838,5.0,5.0	0.19354838,5.0,5.0	0.19354838,5.0,5.0	0.16129032,5.0,5.0	0.19354838,5.0,5.0	0.19354838,5.0,5.0	0.19354838,5.0,5.0	0.19354838,5.0,5.0	0.19354838,5.0,5.0	0.19354838,5.0,5.0	0.19354838,5.0,5.0	0.19354838,5.0,5.0		End 04:18:07

Start 04:18:14	0.22580644,37.096775,90.5914	0.22580644,37.096775,90.5914	0.22580644,37.096775,90.5914	0.22580644,37.096775,90.5914	0.22580644,37.096775,90.5914	0.22580644,37.096775,90.5914	0.22580644,37.096775,90.5914	0.22580644,37.096775,90.5914	0.22580644,37.096775,90.5914	0.22580644,37.096775,90.5914	0.22580644,37.096775,90.5914	0.19354838,5.0,5.0	0.22580644,37.096775,90.5914	0.19354838,5.0,5.0	0.19354838,5.0,5.0	0.22580644,37.096775,90.5914	0.22580644,37.096775,90.5914	0.22580644,37.096775,90.5914	0.22580644,37.096775,90.5914	0.22580644,37.096775,90.5914		End 04:18:24

Start 04:18:31	0.2580645,77.217735,197.58063	0.2580645,77.217735,197.58063	0.2580645,77.217735,197.58063	0.2580645,77.217735,197.58063	0.2580645,77.217735,197.58063	0.2580645,77.217735,197.58063	0.2580645,77.217735,197.58063	0.2580645,77.217735,197.58063	0.2580645,77.217735,197.58063	0.2580645,77.217735,197.58063	0.2580645,77.217735,197.58063	0.22580644,37.096775,90.5914	0.2580645,77.217735,197.58063	0.2580645,77.217735,197.58063	0.2580645,77.217735,197.58063	0.22580644,37.096775,90.5914	0.2580645,77.217735,197.58063	0.2580645,77.217735,197.58063	0.2580645,77.217735,197.58063		End 04:18:41

Start 04:18:50	0.19354838,5.0,5.0	0.19354838,5.0,5.0	0.19354838,5.0,5.0	0.19354838,5.0,5.0	0.19354838,5.0,5.0	0.19354838,5.0,5.0	0.19354838,5.0,5.0	0.19354838,5.0,5.0	0.19354838,5.0,5.0	0.19354838,5.0,5.0	0.19354838,5.0,5.0	0.19354838,5.0,5.0	0.19354838,5.0,5.0	0.16129032,5.0,5.0	0.19354838,5.0,5.0	0.19354838,5.0,5.0	0.19354838,5.0,5.0	0.19354838,5.0,5.0	0.19354838,5.0,5.0	0.19354838,5.0,5.0		End 04:19:00

Start 04:19:07	0.19354838,5.0,5.0	0.19354838,5.0,5.0	0.22580644,37.096775,90.5914	0.22580644,37.096775,90.5914	0.16129032,5.0,5.0	0.19354838,5.0,5.0	0.22580644,37.096775,90.5914	0.22580644,37.096775,90.5914	0.22580644,37.096775,90.5914	0.22580644,37.096775,90.5914	0.22580644,37.096775,90.5914	0.19354838,5.0,5.0	0.22580644,37.096775,90.5914	0.19354838,5.0,5.0	0.22580644,37.096775,90.5914	0.22580644,37.096775,90.5914	0.19354838,5.0,5.0	0.22580644,37.096775,90.5914	0.22580644,37.096775,90.5914		End 04:19:17

Start 04:19:24	0.2580645,77.217735,197.58063	0.2580645,77.217735,197.58063	0.2580645,77.217735,197.58063	0.2580645,77.217735,197.58063	0.2580645,77.217735,197.58063	0.2580645,77.217735,197.58063	0.2580645,77.217735,197.58063	0.2580645,77.217735,197.58063	0.22580644,37.096775,90.5914	0.2580645,77.217735,197.58063	0.2580645,77.217735,197.58063	0.2580645,77.217735,197.58063	0.2580645,77.217735,197.58063	0.2580645,77.217735,197.58063	0.2580645,77.217735,197.58063	0.2580645,77.217735,197.58063	0.22580644,37.096775,90.5914	0.2580645,77.217735,197.58063	0.22580644,37.096775,90.5914		End 04:19:34

End of File 15-11-2014 04:19:38