15-11-2014 04:21:00

Start 04:21:04	0.2580645,77.217735,197.58063	0.2580645,77.217735,197.58063	0.2580645,77.217735,197.58063	0.2580645,77.217735,197.58063	0.2580645,77.217735,197.58063	0.2580645,77.217735,197.58063	0.2580645,77.217735,197.58063	0.22580644,37.096775,90.5914	0.2580645,77.217735,197.58063	0.2580645,77.217735,197.58063	0.22580644,37.096775,90.5914	0.2580645,77.217735,197.58063	0.22580644,37.096775,90.5914	0.2580645,77.217735,197.58063	0.2580645,77.217735,197.58063	0.2580645,77.217735,197.58063	0.22580644,37.096775,90.5914	0.2580645,77.217735,197.58063	0.2580645,77.217735,197.58063		End 04:21:14

Start 04:21:23	0.2580645,77.217735,197.58063	0.22580644,37.096775,90.5914	0.2580645,77.217735,197.58063	0.2580645,77.217735,197.58063	0.2580645,77.217735,197.58063	0.2580645,77.217735,197.58063	0.2580645,77.217735,197.58063	0.2580645,77.217735,197.58063	0.2580645,77.217735,197.58063	0.2580645,77.217735,197.58063	0.22580644,37.096775,90.5914	0.2580645,77.217735,197.58063	0.2580645,77.217735,197.58063	0.2580645,77.217735,197.58063	0.2580645,77.217735,197.58063	0.2580645,77.217735,197.58063	0.2580645,77.217735,197.58063	0.2580645,77.217735,197.58063	0.2580645,77.217735,197.58063		End 04:21:33

Start 04:21:43	0.22580644,37.096775,90.5914	0.2580645,77.217735,197.58063	0.2580645,77.217735,197.58063	0.22580644,37.096775,90.5914	0.2580645,77.217735,197.58063	0.22580644,37.096775,90.5914	0.2580645,77.217735,197.58063	0.2580645,77.217735,197.58063	0.2580645,77.217735,197.58063	0.2580645,77.217735,197.58063	0.22580644,37.096775,90.5914	0.2580645,77.217735,197.58063	0.2580645,77.217735,197.58063	0.2580645,77.217735,197.58063	0.2580645,77.217735,197.58063	0.2580645,77.217735,197.58063	0.2580645,77.217735,197.58063	0.2580645,77.217735,197.58063	0.22580644,37.096775,90.5914		End 04:21:53

Start 04:22:05	0.19354838,5.0,5.0	0.16129032,5.0,5.0	0.19354838,5.0,5.0	0.19354838,5.0,5.0	0.19354838,5.0,5.0	0.19354838,5.0,5.0	0.19354838,5.0,5.0	0.16129032,5.0,5.0	0.16129032,5.0,5.0	0.12903225,5.0,5.0	0.19354838,5.0,5.0	0.19354838,5.0,5.0	0.19354838,5.0,5.0	0.12903225,5.0,5.0	0.16129032,5.0,5.0	0.19354838,5.0,5.0	0.19354838,5.0,5.0	0.16129032,5.0,5.0	0.19354838,5.0,5.0	0.19354838,5.0,5.0		End 04:22:15

Start 04:22:25	0.2580645,77.217735,197.58063	0.2580645,77.217735,197.58063	0.516129,398.18546,1000.0	0.2580645,77.217735,197.58063	0.2580645,77.217735,197.58063	0.2580645,77.217735,197.58063	0.2580645,77.217735,197.58063	0.2580645,77.217735,197.58063	0.2580645,77.217735,197.58063	0.22580644,37.096775,90.5914	0.2580645,77.217735,197.58063	0.2580645,77.217735,197.58063	0.2580645,77.217735,197.58063	0.2580645,77.217735,197.58063	0.22580644,37.096775,90.5914	0.2580645,77.217735,197.58063	0.2580645,77.217735,197.58063	0.2580645,77.217735,197.58063	0.2580645,77.217735,197.58063	0.2580645,77.217735,197.58063		End 04:22:35

Start 04:22:43	0.2580645,77.217735,197.58063	0.2580645,77.217735,197.58063	0.22580644,37.096775,90.5914	0.2580645,77.217735,197.58063	0.2580645,77.217735,197.58063	0.2580645,77.217735,197.58063	0.2580645,77.217735,197.58063	0.2580645,77.217735,197.58063	0.2580645,77.217735,197.58063	0.2580645,77.217735,197.58063	0.2580645,77.217735,197.58063	0.2580645,77.217735,197.58063	0.2580645,77.217735,197.58063	0.2580645,77.217735,197.58063	0.2580645,77.217735,197.58063	0.2580645,77.217735,197.58063	0.2580645,77.217735,197.58063	0.2580645,77.217735,197.58063	0.2580645,77.217735,197.58063		End 04:22:53

Start 04:22:58	0.2580645,77.217735,197.58063	0.2580645,77.217735,197.58063	0.2580645,77.217735,197.58063	0.2580645,77.217735,197.58063	0.2580645,77.217735,197.58063	0.2580645,77.217735,197.58063	0.2580645,77.217735,197.58063	0.2580645,77.217735,197.58063	0.2580645,77.217735,197.58063	0.2580645,77.217735,197.58063	0.2580645,77.217735,197.58063	0.2580645,77.217735,197.58063	0.2580645,77.217735,197.58063	0.22580644,37.096775,90.5914	0.2580645,77.217735,197.58063	0.2580645,77.217735,197.58063	0.2580645,77.217735,197.58063	0.2580645,77.217735,197.58063	0.2580645,77.217735,197.58063	0.2580645,77.217735,197.58063		End 04:23:08

Start 04:23:15	0.22580644,37.096775,90.5914	0.22580644,37.096775,90.5914	0.22580644,37.096775,90.5914	0.19354838,5.0,5.0	0.22580644,37.096775,90.5914	0.22580644,37.096775,90.5914	0.22580644,37.096775,90.5914	0.22580644,37.096775,90.5914	0.22580644,37.096775,90.5914	0.22580644,37.096775,90.5914	0.22580644,37.096775,90.5914	0.22580644,37.096775,90.5914	0.22580644,37.096775,90.5914	0.48387095,358.06448,946.5053	0.22580644,37.096775,90.5914	0.22580644,37.096775,90.5914	0.22580644,37.096775,90.5914	0.22580644,37.096775,90.5914	0.22580644,37.096775,90.5914	0.22580644,37.096775,90.5914		End 04:23:25

Start 04:23:32	0.22580644,37.096775,90.5914	0.22580644,37.096775,90.5914	0.22580644,37.096775,90.5914	0.22580644,37.096775,90.5914	0.22580644,37.096775,90.5914	0.22580644,37.096775,90.5914	0.22580644,37.096775,90.5914	0.22580644,37.096775,90.5914	0.22580644,37.096775,90.5914	0.22580644,37.096775,90.5914	0.22580644,37.096775,90.5914	0.22580644,37.096775,90.5914	0.22580644,37.096775,90.5914	0.22580644,37.096775,90.5914	0.22580644,37.096775,90.5914	0.22580644,37.096775,90.5914	0.22580644,37.096775,90.5914	0.22580644,37.096775,90.5914	0.22580644,37.096775,90.5914	0.19354838,5.0,5.0		End 04:23:42

Start 04:23:48	0.2580645,77.217735,197.58063	0.2580645,77.217735,197.58063	0.2580645,77.217735,197.58063	0.22580644,37.096775,90.5914	0.2580645,77.217735,197.58063	0.22580644,37.096775,90.5914	0.2580645,77.217735,197.58063	0.22580644,37.096775,90.5914	0.2580645,77.217735,197.58063	0.2580645,77.217735,197.58063	0.2580645,77.217735,197.58063	0.2580645,77.217735,197.58063	0.2580645,77.217735,197.58063	0.22580644,37.096775,90.5914	0.2580645,77.217735,197.58063	0.2580645,77.217735,197.58063	0.2580645,77.217735,197.58063	0.2580645,77.217735,197.58063	0.2580645,77.217735,197.58063	0.22580644,37.096775,90.5914		End 04:23:58

Start 04:24:04	0.2580645,77.217735,197.58063	0.2580645,77.217735,197.58063	0.2580645,77.217735,197.58063	0.2580645,77.217735,197.58063	0.2580645,77.217735,197.58063	0.2580645,77.217735,197.58063	0.2580645,77.217735,197.58063	0.2580645,77.217735,197.58063	0.2580645,77.217735,197.58063	0.2580645,77.217735,197.58063	0.2580645,77.217735,197.58063	0.2580645,77.217735,197.58063	0.2580645,77.217735,197.58063	0.2580645,77.217735,197.58063	0.2580645,77.217735,197.58063	0.2580645,77.217735,197.58063	0.2580645,77.217735,197.58063	0.2580645,77.217735,197.58063	0.2580645,77.217735,197.58063	0.2580645,77.217735,197.58063		End 04:24:14

Start 04:24:21	0.22580644,37.096775,90.5914	0.2580645,77.217735,197.58063	0.2580645,77.217735,197.58063	0.2580645,77.217735,197.58063	0.2580645,77.217735,197.58063	0.2580645,77.217735,197.58063	0.2580645,77.217735,197.58063	0.2580645,77.217735,197.58063	0.2580645,77.217735,197.58063	0.2580645,77.217735,197.58063	0.2580645,77.217735,197.58063	0.2580645,77.217735,197.58063	0.22580644,37.096775,90.5914	0.22580644,37.096775,90.5914	0.2580645,77.217735,197.58063	0.22580644,37.096775,90.5914	0.2580645,77.217735,197.58063	0.2580645,77.217735,197.58063	0.22580644,37.096775,90.5914	0.2580645,77.217735,197.58063		End 04:24:31

End of File 15-11-2014 04:24:34